------------------------------------------------------------------------------------------------------------------------
Vector testing report
Params:
    conf: "conf/embeddings_validation_short_1643961956.hocon"

Collected 150 files with 0 errors

------------------------------------------------------------------------------------------------------------------------
Metric: "auroc"
split_name               scores_valid                                                                    
                                 mean   t_pm t_int_l t_int_h    std                                values
model_name feature_name                                                                                  
lgbm       mles__000           0.7818 0.0031  0.7787  0.7850 0.0025  [0.7860 0.7811 0.7797 0.7823 0.7800]
           mles__001           0.7840 0.0033  0.7807  0.7873 0.0027  [0.7882 0.7835 0.7811 0.7846 0.7827]
           mles__002           0.7856 0.0024  0.7832  0.7880 0.0020  [0.7883 0.7840 0.7843 0.7870 0.7843]
           mles__003           0.7870 0.0033  0.7837  0.7903 0.0027  [0.7915 0.7860 0.7847 0.7874 0.7855]
           mles__004           0.7877 0.0031  0.7846  0.7908 0.0025  [0.7914 0.7880 0.7859 0.7882 0.7850]
           mles__005           0.7872 0.0032  0.7840  0.7905 0.0026  [0.7907 0.7875 0.7846 0.7886 0.7848]
           mles__006           0.7875 0.0028  0.7847  0.7902 0.0022  [0.7905 0.7876 0.7849 0.7886 0.7858]
           mles__007           0.7881 0.0030  0.7852  0.7911 0.0024  [0.7916 0.7878 0.7854 0.7891 0.7868]
           mles__008           0.7883 0.0025  0.7858  0.7908 0.0020  [0.7905 0.7883 0.7856 0.7900 0.7870]
           mles__009           0.7889 0.0020  0.7870  0.7909 0.0016  [0.7909 0.7890 0.7869 0.7899 0.7879]
           mles__010           0.7887 0.0028  0.7859  0.7916 0.0023  [0.7914 0.7889 0.7854 0.7900 0.7879]
           mles__011           0.7888 0.0025  0.7863  0.7914 0.0020  [0.7912 0.7894 0.7860 0.7900 0.7877]
           mles__012           0.7893 0.0025  0.7868  0.7918 0.0020  [0.7919 0.7894 0.7869 0.7906 0.7879]
           mles__013           0.7894 0.0026  0.7868  0.7920 0.0021  [0.7912 0.7894 0.7864 0.7913 0.7886]
           mles__014           0.7896 0.0023  0.7873  0.7919 0.0019  [0.7919 0.7896 0.7871 0.7909 0.7887]
           mles__015           0.7885 0.0028  0.7857  0.7913 0.0022  [0.7916 0.7888 0.7856 0.7894 0.7873]
           mles__016           0.7895 0.0032  0.7863  0.7927 0.0026  [0.7925 0.7889 0.7859 0.7914 0.7889]
           mles__017           0.7891 0.0024  0.7868  0.7915 0.0019  [0.7911 0.7896 0.7863 0.7904 0.7882]
           mles__018           0.7892 0.0027  0.7865  0.7919 0.0022  [0.7923 0.7887 0.7871 0.7905 0.7874]
           mles__019           0.7892 0.0026  0.7867  0.7918 0.0021  [0.7916 0.7891 0.7864 0.7908 0.7882]
           mles__020           0.7894 0.0028  0.7866  0.7923 0.0023  [0.7916 0.7892 0.7863 0.7917 0.7883]
           mles__021           0.7893 0.0022  0.7872  0.7915 0.0017  [0.7918 0.7889 0.7874 0.7904 0.7883]
           mles__022           0.7893 0.0019  0.7874  0.7912 0.0015  [0.7907 0.7890 0.7871 0.7909 0.7890]
           mles__023           0.7893 0.0027  0.7866  0.7920 0.0022  [0.7918 0.7885 0.7865 0.7912 0.7884]
           mles__024           0.7892 0.0023  0.7869  0.7916 0.0019  [0.7912 0.7891 0.7868 0.7910 0.7880]
           mles__025           0.7892 0.0026  0.7866  0.7918 0.0021  [0.7917 0.7886 0.7866 0.7908 0.7881]
           mles__026           0.7894 0.0027  0.7867  0.7921 0.0022  [0.7920 0.7894 0.7862 0.7905 0.7886]
           mles__027           0.7894 0.0025  0.7869  0.7920 0.0020  [0.7922 0.7887 0.7871 0.7907 0.7885]
           mles__028           0.7892 0.0022  0.7870  0.7914 0.0018  [0.7909 0.7887 0.7869 0.7912 0.7884]
           mles__029           0.7896 0.0025  0.7871  0.7922 0.0020  [0.7922 0.7893 0.7871 0.7911 0.7884]
split_name               scores_test                                                                    
                                mean   t_pm t_int_l t_int_h    std                                values
model_name feature_name                                                                                 
lgbm       mles__000          0.7849 0.0009  0.7840  0.7859 0.0007  [0.7860 0.7843 0.7855 0.7844 0.7845]
           mles__001          0.7882 0.0006  0.7876  0.7888 0.0005  [0.7889 0.7878 0.7878 0.7884 0.7880]
           mles__002          0.7893 0.0012  0.7882  0.7905 0.0009  [0.7894 0.7898 0.7886 0.7882 0.7906]
           mles__003          0.7904 0.0006  0.7898  0.7910 0.0005  [0.7912 0.7899 0.7903 0.7900 0.7905]
           mles__004          0.7906 0.0005  0.7901  0.7911 0.0004  [0.7904 0.7905 0.7911 0.7901 0.7907]
           mles__005          0.7899 0.0009  0.7890  0.7908 0.0007  [0.7896 0.7899 0.7889 0.7907 0.7904]
           mles__006          0.7902 0.0008  0.7894  0.7909 0.0006  [0.7901 0.7908 0.7908 0.7898 0.7894]
           mles__007          0.7914 0.0009  0.7905  0.7923 0.0007  [0.7910 0.7917 0.7910 0.7926 0.7909]
           mles__008          0.7916 0.0011  0.7905  0.7926 0.0009  [0.7924 0.7910 0.7924 0.7917 0.7904]
           mles__009          0.7921 0.0008  0.7913  0.7929 0.0006  [0.7923 0.7920 0.7911 0.7927 0.7925]
           mles__010          0.7925 0.0008  0.7917  0.7933 0.0006  [0.7928 0.7915 0.7923 0.7926 0.7932]
           mles__011          0.7926 0.0005  0.7922  0.7931 0.0004  [0.7923 0.7924 0.7924 0.7932 0.7929]
           mles__012          0.7922 0.0007  0.7915  0.7929 0.0006  [0.7924 0.7918 0.7931 0.7919 0.7918]
           mles__013          0.7929 0.0010  0.7918  0.7939 0.0008  [0.7923 0.7919 0.7939 0.7933 0.7930]
           mles__014          0.7921 0.0004  0.7916  0.7925 0.0003  [0.7924 0.7922 0.7923 0.7917 0.7917]
           mles__015          0.7924 0.0010  0.7915  0.7934 0.0008  [0.7931 0.7918 0.7930 0.7930 0.7914]
           mles__016          0.7934 0.0005  0.7929  0.7938 0.0004  [0.7938 0.7930 0.7935 0.7936 0.7929]
           mles__017          0.7929 0.0007  0.7922  0.7936 0.0006  [0.7925 0.7921 0.7934 0.7934 0.7931]
           mles__018          0.7928 0.0007  0.7921  0.7936 0.0006  [0.7926 0.7921 0.7937 0.7927 0.7931]
           mles__019          0.7932 0.0006  0.7926  0.7938 0.0005  [0.7931 0.7925 0.7937 0.7935 0.7933]
           mles__020          0.7934 0.0011  0.7923  0.7946 0.0009  [0.7934 0.7929 0.7927 0.7950 0.7932]
           mles__021          0.7934 0.0010  0.7923  0.7944 0.0008  [0.7932 0.7926 0.7927 0.7938 0.7946]
           mles__022          0.7934 0.0007  0.7928  0.7941 0.0005  [0.7941 0.7932 0.7937 0.7933 0.7928]
           mles__023          0.7932 0.0007  0.7926  0.7939 0.0005  [0.7931 0.7924 0.7935 0.7935 0.7937]
           mles__024          0.7932 0.0011  0.7920  0.7943 0.0009  [0.7934 0.7924 0.7947 0.7931 0.7925]
           mles__025          0.7934 0.0008  0.7927  0.7942 0.0006  [0.7935 0.7930 0.7936 0.7944 0.7928]
           mles__026          0.7931 0.0010  0.7922  0.7941 0.0008  [0.7933 0.7918 0.7935 0.7935 0.7935]
           mles__027          0.7931 0.0008  0.7922  0.7939 0.0007  [0.7929 0.7921 0.7938 0.7936 0.7929]
           mles__028          0.7936 0.0008  0.7927  0.7944 0.0007  [0.7931 0.7934 0.7944 0.7942 0.7929]
           mles__029          0.7932 0.0006  0.7925  0.7938 0.0005  [0.7926 0.7928 0.7938 0.7936 0.7931]


------------------------------------------------------------------------------------------------------------------------
End of report.     Current time: 2022-02-04 10:25:26
------------------------------------------------------------------------------------------------------------------------
