------------------------------------------------------------------------------------------------------------------------
Vector testing report
Params:
    conf: "conf/embeddings_validation_short_1643975337.hocon"

Collected 115 files with 0 errors

------------------------------------------------------------------------------------------------------------------------
Metric: "auroc"
split_name              scores_valid                                                                    
                                mean   t_pm t_int_l t_int_h    std                                values
model_name feature_name                                                                                 
lgbm       nsp__000           0.7546 0.0033  0.7512  0.7579 0.0027  [0.7589 0.7548 0.7541 0.7519 0.7530]
           nsp__001           0.7559 0.0032  0.7527  0.7592 0.0026  [0.7604 0.7542 0.7542 0.7558 0.7551]
           nsp__002           0.7602 0.0033  0.7569  0.7635 0.0026  [0.7645 0.7598 0.7572 0.7597 0.7600]
           nsp__003           0.7596 0.0038  0.7558  0.7634 0.0030  [0.7639 0.7576 0.7560 0.7609 0.7596]
           nsp__004           0.7613 0.0029  0.7583  0.7642 0.0024  [0.7653 0.7595 0.7599 0.7602 0.7614]
           nsp__005           0.7616 0.0035  0.7581  0.7652 0.0028  [0.7666 0.7601 0.7596 0.7611 0.7608]
           nsp__006           0.7617 0.0033  0.7585  0.7650 0.0026  [0.7661 0.7604 0.7591 0.7617 0.7612]
           nsp__007           0.7627 0.0031  0.7596  0.7658 0.0025  [0.7665 0.7616 0.7597 0.7629 0.7628]
           nsp__008           0.7629 0.0029  0.7601  0.7658 0.0023  [0.7665 0.7623 0.7601 0.7633 0.7625]
           nsp__009           0.7633 0.0029  0.7603  0.7662 0.0024  [0.7672 0.7625 0.7608 0.7627 0.7631]
           nsp__010           0.7631 0.0034  0.7597  0.7665 0.0027  [0.7677 0.7616 0.7605 0.7630 0.7628]
           nsp__011           0.7627 0.0027  0.7601  0.7654 0.0022  [0.7662 0.7617 0.7605 0.7628 0.7624]
           nsp__012           0.7627 0.0030  0.7597  0.7657 0.0024  [0.7663 0.7615 0.7598 0.7628 0.7630]
           nsp__013           0.7627 0.0029  0.7598  0.7656 0.0023  [0.7666 0.7612 0.7608 0.7628 0.7622]
           nsp__014           0.7631 0.0029  0.7602  0.7660 0.0023  [0.7668 0.7625 0.7604 0.7629 0.7627]
           nsp__015           0.7630 0.0031  0.7599  0.7661 0.0025  [0.7671 0.7614 0.7608 0.7635 0.7622]
           nsp__016           0.7634 0.0031  0.7603  0.7665 0.0025  [0.7672 0.7623 0.7604 0.7637 0.7634]
           nsp__017           0.7627 0.0028  0.7599  0.7654 0.0022  [0.7663 0.7614 0.7605 0.7630 0.7622]
           nsp__018           0.7629 0.0029  0.7600  0.7658 0.0023  [0.7668 0.7621 0.7607 0.7626 0.7623]
           nsp__019           0.7629 0.0029  0.7599  0.7658 0.0024  [0.7667 0.7616 0.7605 0.7625 0.7630]
           nsp__020           0.7631 0.0029  0.7602  0.7661 0.0024  [0.7671 0.7622 0.7608 0.7630 0.7625]
           nsp__021           0.7631 0.0036  0.7595  0.7666 0.0029  [0.7677 0.7624 0.7600 0.7630 0.7623]
           nsp__022           0.7630 0.0036  0.7594  0.7666 0.0029  [0.7676 0.7611 0.7602 0.7625 0.7634]
split_name              scores_test
                               mean   t_pm t_int_l t_int_h    std                                values
model_name feature_name                                                                                
lgbm       nsp__000          0.7555 0.0015  0.7540  0.7570 0.0012  [0.7543 0.7564 0.7558 0.7542 0.7569]
           nsp__001          0.7583 0.0014  0.7568  0.7597 0.0012  [0.7588 0.7569 0.7573 0.7587 0.7596]
           nsp__002          0.7645 0.0011  0.7634  0.7656 0.0009  [0.7633 0.7652 0.7644 0.7641 0.7656]
           nsp__003          0.7636 0.0010  0.7626  0.7646 0.0008  [0.7649 0.7637 0.7633 0.7628 0.7633]
           nsp__004          0.7646 0.0010  0.7636  0.7655 0.0008  [0.7639 0.7643 0.7659 0.7642 0.7645]
           nsp__005          0.7646 0.0008  0.7638  0.7654 0.0006  [0.7656 0.7640 0.7648 0.7644 0.7641]
           nsp__006          0.7642 0.0004  0.7638  0.7646 0.0003  [0.7638 0.7642 0.7646 0.7643 0.7641]
           nsp__007          0.7652 0.0006  0.7646  0.7658 0.0005  [0.7649 0.7651 0.7659 0.7647 0.7653]
           nsp__008          0.7654 0.0010  0.7644  0.7664 0.0008  [0.7646 0.7663 0.7659 0.7655 0.7646]
           nsp__009          0.7662 0.0009  0.7653  0.7672 0.0007  [0.7660 0.7658 0.7675 0.7656 0.7664]
           nsp__010          0.7654 0.0014  0.7640  0.7668 0.0011  [0.7665 0.7652 0.7665 0.7642 0.7645]
           nsp__011          0.7655 0.0006  0.7649  0.7661 0.0005  [0.7658 0.7649 0.7658 0.7659 0.7651]
           nsp__012          0.7653 0.0003  0.7650  0.7656 0.0002  [0.7653 0.7655 0.7656 0.7650 0.7651]
           nsp__013          0.7652 0.0011  0.7641  0.7663 0.0009  [0.7655 0.7645 0.7666 0.7647 0.7647]
           nsp__014          0.7659 0.0011  0.7648  0.7670 0.0009  [0.7669 0.7650 0.7667 0.7650 0.7658]
           nsp__015          0.7659 0.0014  0.7645  0.7673 0.0011  [0.7667 0.7655 0.7665 0.7641 0.7667]
           nsp__016          0.7655 0.0007  0.7648  0.7663 0.0006  [0.7660 0.7653 0.7658 0.7646 0.7659]
           nsp__017          0.7654 0.0006  0.7647  0.7660 0.0005  [0.7660 0.7654 0.7651 0.7646 0.7658]
           nsp__018          0.7662 0.0014  0.7648  0.7676 0.0011  [0.7668 0.7656 0.7676 0.7646 0.7664]
           nsp__019          0.7656 0.0015  0.7641  0.7671 0.0012  [0.7647 0.7656 0.7671 0.7643 0.7663]
           nsp__020          0.7666 0.0006  0.7659  0.7672 0.0005  [0.7666 0.7667 0.7661 0.7661 0.7673]
           nsp__021          0.7661 0.0010  0.7651  0.7670 0.0008  [0.7656 0.7660 0.7671 0.7652 0.7665]
           nsp__022          0.7655 0.0016  0.7639  0.7671 0.0013  [0.7656 0.7645 0.7675 0.7642 0.7656]

------------------------------------------------------------------------------------------------------------------------
End of report.     Current time: 2022-02-04 12:14:50
------------------------------------------------------------------------------------------------------------------------
