------------------------------------------------------------------------------------------------------------------------
Vector testing report
Params:
    conf: "conf/embeddings_validation_short_1643637441.hocon"

Collected 35 files with 0 errors

------------------------------------------------------------------------------------------------------------------------
Metric: "auroc"
split_name              scores_valid                                                                    
                                mean   t_pm t_int_l t_int_h    std                                values
model_name feature_name                                                                                 
lgbm       rtd__000           0.7686 0.0034  0.7652  0.7720 0.0027  [0.7724 0.7658 0.7661 0.7699 0.7687]
           rtd__001           0.7746 0.0027  0.7719  0.7774 0.0022  [0.7783 0.7724 0.7739 0.7742 0.7744]
           rtd__002           0.7777 0.0032  0.7745  0.7810 0.0026  [0.7821 0.7771 0.7751 0.7775 0.7769]
           rtd__003           0.7816 0.0037  0.7779  0.7853 0.0030  [0.7858 0.7821 0.7783 0.7825 0.7793]
           rtd__004           0.7817 0.0038  0.7779  0.7855 0.0031  [0.7862 0.7805 0.7778 0.7828 0.7811]
           rtd__005           0.7809 0.0035  0.7774  0.7843 0.0028  [0.7844 0.7797 0.7769 0.7824 0.7809]
           rtd__006           0.7822 0.0037  0.7784  0.7859 0.0030  [0.7865 0.7813 0.7783 0.7832 0.7816]
           rtd__007           0.7818 0.0033  0.7785  0.7851 0.0027  [0.7854 0.7813 0.7780 0.7828 0.7813]
           rtd__008           0.7822 0.0035  0.7788  0.7857 0.0028  [0.7867 0.7812 0.7790 0.7820 0.7824]
           rtd__009           0.7857 0.0033  0.7824  0.7891 0.0027  [0.7898 0.7849 0.7825 0.7865 0.7849]
           rtd__010       **  0.7861 0.0034  0.7828  0.7895 0.0027  [0.7902 0.7849 0.7828 0.7866 0.7862]
split_name              scores_test                                                                    
                               mean   t_pm t_int_l t_int_h    std                                values
model_name feature_name                                                                                
lgbm       rtd__000          0.7732 0.0012  0.7720  0.7744 0.0009  [0.7733 0.7719 0.7728 0.7734 0.7745]
           rtd__001          0.7779 0.0012  0.7767  0.7791 0.0009  [0.7779 0.7794 0.7780 0.7770 0.7772]
           rtd__002          0.7822 0.0007  0.7814  0.7829 0.0006  [0.7815 0.7819 0.7822 0.7821 0.7831]
           rtd__003          0.7851 0.0007  0.7845  0.7858 0.0005  [0.7849 0.7845 0.7853 0.7860 0.7850]
           rtd__004          0.7858 0.0010  0.7848  0.7868 0.0008  [0.7849 0.7863 0.7850 0.7864 0.7865]
           rtd__005          0.7854 0.0009  0.7846  0.7863 0.0007  [0.7862 0.7859 0.7845 0.7852 0.7854]
           rtd__006          0.7863 0.0013  0.7850  0.7876 0.0010  [0.7875 0.7861 0.7847 0.7866 0.7866]
           rtd__007          0.7862 0.0003  0.7860  0.7865 0.0002  [0.7860 0.7861 0.7866 0.7862 0.7864]
           rtd__008          0.7880 0.0008  0.7871  0.7888 0.0007  [0.7876 0.7879 0.7881 0.7890 0.7873]
           rtd__009          0.7911 0.0006  0.7904  0.7917 0.0005  [0.7912 0.7907 0.7904 0.7911 0.7917]
           rtd__010          0.7910 0.0008  0.7902  0.7917 0.0006  [0.7910 0.7911 0.7908 0.7919 0.7902]


------------------------------------------------------------------------------------------------------------------------
End of report.     Current time: 2022-01-31 13:57:27
------------------------------------------------------------------------------------------------------------------------
