------------------------------------------------------------------------------------------------------------------------
Vector testing report
Params:
    conf: "conf/embeddings_validation_short_1643967926.hocon"

Collected 135 files with 0 errors

------------------------------------------------------------------------------------------------------------------------
Metric: "auroc"
split_name              scores_valid                                                                    
                                mean   t_pm t_int_l t_int_h    std                                values
model_name feature_name                                                                                 
lgbm       sop__000           0.7193 0.0055  0.7138  0.7248 0.0044  [0.7230 0.7236 0.7207 0.7145 0.7146]
           sop__001           0.7112 0.0029  0.7083  0.7141 0.0023  [0.7149 0.7115 0.7099 0.7089 0.7106]
           sop__002           0.7041 0.0045  0.6996  0.7086 0.0036  [0.7074 0.7057 0.7069 0.7002 0.7002]
           sop__003           0.7022 0.0009  0.7013  0.7031 0.0007  [0.7035 0.7022 0.7017 0.7019 0.7018]
           sop__004           0.6980 0.0041  0.6939  0.7021 0.0033  [0.7008 0.6972 0.7018 0.6965 0.6938]
           sop__005           0.7050 0.0023  0.7027  0.7073 0.0019  [0.7075 0.7045 0.7058 0.7023 0.7051]
           sop__006           0.7069 0.0031  0.7039  0.7100 0.0025  [0.7093 0.7068 0.7096 0.7045 0.7045]
           sop__007           0.7075 0.0029  0.7046  0.7103 0.0023  [0.7102 0.7062 0.7092 0.7045 0.7073]
           sop__008           0.7084 0.0025  0.7059  0.7110 0.0020  [0.7114 0.7071 0.7096 0.7067 0.7071]
           sop__009           0.7090 0.0023  0.7067  0.7113 0.0019  [0.7120 0.7077 0.7093 0.7074 0.7085]
           sop__010           0.7095 0.0012  0.7083  0.7107 0.0010  [0.7106 0.7089 0.7104 0.7083 0.7094]
           sop__011           0.7098 0.0025  0.7073  0.7124 0.0020  [0.7117 0.7093 0.7121 0.7073 0.7088]
           sop__012           0.7100 0.0021  0.7078  0.7121 0.0017  [0.7107 0.7102 0.7123 0.7077 0.7090]
           sop__013           0.7093 0.0019  0.7074  0.7112 0.0015  [0.7112 0.7089 0.7104 0.7087 0.7073]
           sop__014           0.7090 0.0028  0.7062  0.7117 0.0022  [0.7119 0.7088 0.7104 0.7070 0.7067]
           sop__015           0.7096 0.0023  0.7073  0.7120 0.0019  [0.7112 0.7091 0.7119 0.7073 0.7087]
           sop__016           0.7097 0.0022  0.7075  0.7119 0.0018  [0.7107 0.7099 0.7118 0.7071 0.7090]
           sop__017           0.7094 0.0026  0.7068  0.7119 0.0021  [0.7120 0.7088 0.7109 0.7070 0.7081]
           sop__018           0.7099 0.0023  0.7076  0.7122 0.0019  [0.7098 0.7103 0.7127 0.7077 0.7089]
           sop__019           0.7094 0.0017  0.7077  0.7112 0.0014  [0.7115 0.7086 0.7099 0.7079 0.7093]
           sop__020           0.7098 0.0019  0.7079  0.7117 0.0015  [0.7110 0.7099 0.7114 0.7076 0.7090]
           sop__021           0.7101 0.0020  0.7082  0.7121 0.0016  [0.7117 0.7107 0.7112 0.7078 0.7093]
           sop__022           0.7097 0.0022  0.7075  0.7118 0.0018  [0.7120 0.7093 0.7107 0.7074 0.7089]
           sop__023           0.7091 0.0017  0.7074  0.7108 0.0014  [0.7111 0.7088 0.7098 0.7076 0.7084]
           sop__027           0.7095 0.0028  0.7067  0.7123 0.0022  [0.7119 0.7084 0.7118 0.7069 0.7084]
           sop__028           0.7100 0.0021  0.7079  0.7121 0.0017  [0.7111 0.7105 0.7116 0.7075 0.7091]
           sop__029           0.7100 0.0026  0.7074  0.7126 0.0021  [0.7129 0.7096 0.7111 0.7073 0.7091]
split_name              scores_test                                                                    
                               mean   t_pm t_int_l t_int_h    std                                values
model_name feature_name                                                                                
lgbm       sop__000          0.7238 0.0012  0.7225  0.7250 0.0010  [0.7235 0.7222 0.7244 0.7240 0.7248]
           sop__001          0.7170 0.0012  0.7159  0.7182 0.0010  [0.7169 0.7166 0.7183 0.7158 0.7176]
           sop__002          0.7091 0.0016  0.7075  0.7107 0.0013  [0.7074 0.7085 0.7093 0.7109 0.7094]
           sop__003          0.7048 0.0009  0.7039  0.7057 0.0007  [0.7040 0.7042 0.7052 0.7055 0.7053]
           sop__004          0.7046 0.0020  0.7025  0.7066 0.0016  [0.7053 0.7036 0.7044 0.7026 0.7069]
           sop__005          0.7101 0.0008  0.7093  0.7108 0.0006  [0.7105 0.7095 0.7105 0.7106 0.7093]
           sop__006          0.7105 0.0008  0.7096  0.7113 0.0007  [0.7101 0.7109 0.7114 0.7099 0.7100]
           sop__007          0.7130 0.0008  0.7121  0.7138 0.0007  [0.7136 0.7124 0.7121 0.7134 0.7132]
           sop__008          0.7119 0.0023  0.7097  0.7142 0.0018  [0.7106 0.7102 0.7145 0.7112 0.7130]
           sop__009          0.7130 0.0019  0.7111  0.7149 0.0016  [0.7108 0.7135 0.7121 0.7146 0.7141]
           sop__010          0.7136 0.0011  0.7124  0.7147 0.0009  [0.7128 0.7149 0.7140 0.7129 0.7131]
           sop__011          0.7140 0.0011  0.7129  0.7151 0.0009  [0.7131 0.7131 0.7146 0.7148 0.7146]
           sop__012          0.7134 0.0013  0.7122  0.7147 0.0010  [0.7119 0.7147 0.7132 0.7137 0.7138]
           sop__013          0.7142 0.0010  0.7132  0.7152 0.0008  [0.7141 0.7153 0.7143 0.7130 0.7143]
           sop__014          0.7141 0.0008  0.7133  0.7149 0.0007  [0.7130 0.7143 0.7140 0.7147 0.7145]
           sop__015          0.7142 0.0013  0.7129  0.7156 0.0011  [0.7126 0.7155 0.7147 0.7143 0.7141]
           sop__016          0.7143 0.0017  0.7126  0.7160 0.0013  [0.7121 0.7156 0.7152 0.7144 0.7141]
           sop__017          0.7136 0.0020  0.7116  0.7156 0.0016  [0.7123 0.7158 0.7144 0.7137 0.7119]
           sop__018          0.7142 0.0014  0.7127  0.7156 0.0012  [0.7129 0.7157 0.7148 0.7132 0.7143]
           sop__019          0.7139 0.0011  0.7128  0.7150 0.0009  [0.7130 0.7147 0.7149 0.7139 0.7131]
           sop__020          0.7143 0.0011  0.7132  0.7154 0.0009  [0.7135 0.7150 0.7132 0.7152 0.7146]
           sop__021          0.7139 0.0018  0.7121  0.7157 0.0014  [0.7130 0.7142 0.7119 0.7156 0.7147]
           sop__022          0.7138 0.0017  0.7121  0.7155 0.0014  [0.7120 0.7141 0.7153 0.7128 0.7148]
           sop__023          0.7139 0.0022  0.7117  0.7161 0.0018  [0.7110 0.7143 0.7142 0.7140 0.7159]
           sop__027          0.7140 0.0007  0.7133  0.7147 0.0006  [0.7136 0.7134 0.7146 0.7139 0.7146]
           sop__028          0.7150 0.0016  0.7134  0.7166 0.0013  [0.7153 0.7139 0.7162 0.7135 0.7161]
           sop__029          0.7152 0.0005  0.7147  0.7157 0.0004  [0.7146 0.7151 0.7158 0.7153 0.7151]


------------------------------------------------------------------------------------------------------------------------
End of report.     Current time: 2022-02-04 09:45:48
------------------------------------------------------------------------------------------------------------------------
