------------------------------------------------------------------------------------------------------------------------
Vector testing report
Params:
    conf: "conf/embeddings_validation_short_1643677754.hocon"

Collected 95 files with 0 errors

------------------------------------------------------------------------------------------------------------------------
Metric: "auroc"
split_name                      scores_valid                                                                    
                                        mean   t_pm t_int_l t_int_h    std                                values
model_name feature_name                                                                                         
lgbm       barlow_twins__000         0.7660 0.0036  0.7624  0.7697 0.0029  [0.7707 0.7668 0.7654 0.7632 0.7641]
           barlow_twins__001         0.7740 0.0032  0.7708  0.7772 0.0025  [0.7780 0.7750 0.7723 0.7730 0.7717]
           barlow_twins__002         0.7755 0.0030  0.7724  0.7785 0.0025  [0.7797 0.7750 0.7735 0.7752 0.7739]
           barlow_twins__003         0.7796 0.0028  0.7767  0.7824 0.0023  [0.7831 0.7801 0.7786 0.7791 0.7770]
           barlow_twins__004         0.7795 0.0034  0.7761  0.7830 0.0028  [0.7843 0.7795 0.7773 0.7781 0.7785]
           barlow_twins__005         0.7803 0.0027  0.7776  0.7830 0.0022  [0.7842 0.7791 0.7794 0.7793 0.7794]
           barlow_twins__006         0.7804 0.0025  0.7779  0.7828 0.0020  [0.7838 0.7804 0.7791 0.7792 0.7793]
           barlow_twins__007         0.7807 0.0019  0.7788  0.7826 0.0015  [0.7833 0.7806 0.7793 0.7803 0.7800]
           barlow_twins__008         0.7818 0.0031  0.7787  0.7849 0.0025  [0.7859 0.7822 0.7814 0.7805 0.7792]
           barlow_twins__009         0.7815 0.0028  0.7787  0.7843 0.0023  [0.7853 0.7817 0.7810 0.7801 0.7795]
           barlow_twins__010         0.7821 0.0029  0.7792  0.7849 0.0023  [0.7859 0.7823 0.7806 0.7802 0.7813]
           barlow_twins__011         0.7813 0.0030  0.7782  0.7843 0.0024  [0.7852 0.7819 0.7790 0.7802 0.7801]
           barlow_twins__012         0.7818 0.0029  0.7788  0.7847 0.0024  [0.7858 0.7816 0.7810 0.7806 0.7799]
           barlow_twins__013         0.7811 0.0026  0.7785  0.7837 0.0021  [0.7845 0.7815 0.7795 0.7804 0.7794]
           barlow_twins__014     **  0.7823 0.0029  0.7794  0.7851 0.0023  [0.7858 0.7834 0.7801 0.7808 0.7813]
           barlow_twins__015         0.7819 0.0024  0.7795  0.7843 0.0019  [0.7852 0.7819 0.7806 0.7806 0.7812]
           barlow_twins__016         0.7818 0.0031  0.7786  0.7849 0.0025  [0.7855 0.7833 0.7799 0.7802 0.7800]
           barlow_twins__017         0.7820 0.0031  0.7789  0.7850 0.0025  [0.7859 0.7827 0.7796 0.7811 0.7806]
           barlow_twins__018         0.7816 0.0026  0.7790  0.7842 0.0021  [0.7852 0.7813 0.7797 0.7805 0.7812]
split_name                      scores_test                                                                    
                                       mean   t_pm t_int_l t_int_h    std                                values
model_name feature_name                                                                                        
lgbm       barlow_twins__000         0.7702 0.0006  0.7696  0.7708 0.0005  [0.7708 0.7700 0.7698 0.7697 0.7706]
           barlow_twins__001         0.7757 0.0008  0.7749  0.7765 0.0007  [0.7762 0.7751 0.7751 0.7766 0.7755]
           barlow_twins__002         0.7796 0.0007  0.7789  0.7804 0.0006  [0.7798 0.7796 0.7786 0.7801 0.7801]
           barlow_twins__003         0.7825 0.0010  0.7816  0.7835 0.0008  [0.7818 0.7817 0.7828 0.7827 0.7836]
           barlow_twins__004         0.7828 0.0007  0.7820  0.7835 0.0006  [0.7825 0.7836 0.7820 0.7827 0.7830]
           barlow_twins__005         0.7849 0.0009  0.7840  0.7859 0.0008  [0.7851 0.7843 0.7840 0.7857 0.7856]
           barlow_twins__006         0.7841 0.0009  0.7833  0.7850 0.0007  [0.7845 0.7844 0.7847 0.7830 0.7842]
           barlow_twins__007         0.7842 0.0006  0.7836  0.7848 0.0005  [0.7839 0.7849 0.7837 0.7841 0.7843]
           barlow_twins__008         0.7871 0.0007  0.7865  0.7878 0.0005  [0.7880 0.7873 0.7868 0.7868 0.7869]
           barlow_twins__009         0.7850 0.0008  0.7842  0.7858 0.0006  [0.7855 0.7839 0.7853 0.7849 0.7854]
           barlow_twins__010         0.7864 0.0004  0.7860  0.7869 0.0003  [0.7864 0.7868 0.7861 0.7861 0.7867]
           barlow_twins__011         0.7870 0.0008  0.7862  0.7878 0.0007  [0.7878 0.7867 0.7876 0.7864 0.7865]
           barlow_twins__012         0.7875 0.0008  0.7867  0.7883 0.0006  [0.7882 0.7878 0.7872 0.7879 0.7866]
           barlow_twins__013         0.7879 0.0007  0.7872  0.7886 0.0006  [0.7888 0.7880 0.7873 0.7874 0.7879]
           barlow_twins__014         0.7870 0.0007  0.7863  0.7876 0.0005  [0.7872 0.7874 0.7870 0.7861 0.7871]
           barlow_twins__015         0.7880 0.0004  0.7876  0.7884 0.0003  [0.7882 0.7874 0.7882 0.7879 0.7882]
           barlow_twins__016         0.7873 0.0010  0.7863  0.7883 0.0008  [0.7885 0.7878 0.7868 0.7869 0.7866]
           barlow_twins__017         0.7878 0.0013  0.7865  0.7891 0.0010  [0.7886 0.7890 0.7867 0.7867 0.7882]
           barlow_twins__018         0.7874 0.0006  0.7868  0.7880 0.0005  [0.7882 0.7876 0.7868 0.7872 0.7873]


------------------------------------------------------------------------------------------------------------------------
End of report.     Current time: 2022-02-01 02:09:39
------------------------------------------------------------------------------------------------------------------------
