------------------------------------------------------------------------------------------------------------------------
Vector testing report
Params:
    conf: "conf/embeddings_validation_short_1643534532.hocon"

Collected 150 files with 0 errors

------------------------------------------------------------------------------------------------------------------------
Metric: "auroc"
split_name              scores_valid                                                                    
                                mean   t_pm t_int_l t_int_h    std                                values
model_name feature_name                                                                                 
lgbm       cpc__000           0.7743 0.0033  0.7709  0.7776 0.0027  [0.7787 0.7739 0.7716 0.7741 0.7730]
           cpc__001           0.7792 0.0031  0.7761  0.7822 0.0025  [0.7826 0.7801 0.7766 0.7797 0.7769]
           cpc__002           0.7828 0.0021  0.7807  0.7849 0.0017  [0.7857 0.7825 0.7817 0.7827 0.7814]
           cpc__003           0.7836 0.0030  0.7806  0.7866 0.0024  [0.7870 0.7840 0.7809 0.7842 0.7819]
           cpc__004           0.7840 0.0029  0.7811  0.7869 0.0023  [0.7878 0.7834 0.7815 0.7833 0.7841]
           cpc__005           0.7857 0.0015  0.7842  0.7871 0.0012  [0.7876 0.7852 0.7845 0.7858 0.7851]
           cpc__006           0.7861 0.0024  0.7837  0.7885 0.0020  [0.7886 0.7851 0.7834 0.7872 0.7862]
           cpc__007           0.7861 0.0020  0.7841  0.7881 0.0016  [0.7879 0.7848 0.7846 0.7877 0.7854]
           cpc__008           0.7868 0.0021  0.7848  0.7889 0.0017  [0.7890 0.7871 0.7845 0.7871 0.7863]
           cpc__009           0.7871 0.0024  0.7847  0.7894 0.0019  [0.7900 0.7861 0.7850 0.7876 0.7866]
           cpc__010           0.7881 0.0018  0.7863  0.7898 0.0014  [0.7905 0.7877 0.7874 0.7880 0.7868]
           cpc__011           0.7876 0.0019  0.7857  0.7895 0.0016  [0.7897 0.7862 0.7862 0.7887 0.7874]
           cpc__012           0.7879 0.0023  0.7857  0.7902 0.0018  [0.7902 0.7877 0.7853 0.7888 0.7877]
           cpc__013           0.7876 0.0021  0.7855  0.7897 0.0017  [0.7891 0.7872 0.7850 0.7889 0.7878]
           cpc__014           0.7872 0.0029  0.7844  0.7901 0.0023  [0.7903 0.7878 0.7839 0.7875 0.7866]
           cpc__015           0.7879 0.0027  0.7852  0.7905 0.0022  [0.7907 0.7870 0.7849 0.7885 0.7882]
           cpc__016           0.7869 0.0026  0.7843  0.7895 0.0021  [0.7892 0.7860 0.7838 0.7882 0.7871]
           cpc__017           0.7877 0.0026  0.7851  0.7903 0.0021  [0.7901 0.7868 0.7846 0.7888 0.7882]
           cpc__018           0.7877 0.0026  0.7850  0.7903 0.0021  [0.7907 0.7879 0.7847 0.7876 0.7875]
           cpc__019           0.7876 0.0024  0.7852  0.7900 0.0019  [0.7898 0.7872 0.7846 0.7884 0.7879]
           cpc__020           0.7878 0.0033  0.7845  0.7911 0.0026  [0.7915 0.7872 0.7842 0.7880 0.7881]
           cpc__021           0.7878 0.0029  0.7848  0.7907 0.0024  [0.7910 0.7870 0.7845 0.7878 0.7884]
           cpc__022           0.7879 0.0024  0.7854  0.7903 0.0020  [0.7906 0.7876 0.7850 0.7878 0.7882]
           cpc__023           0.7878 0.0027  0.7851  0.7906 0.0022  [0.7914 0.7872 0.7855 0.7869 0.7880]
           cpc__024           0.7879 0.0030  0.7849  0.7909 0.0024  [0.7913 0.7872 0.7847 0.7879 0.7884]
           cpc__025           0.7869 0.0024  0.7846  0.7893 0.0019  [0.7889 0.7873 0.7838 0.7873 0.7874]
           cpc__026           0.7878 0.0024  0.7854  0.7903 0.0020  [0.7895 0.7865 0.7852 0.7881 0.7898]
           cpc__027           0.7867 0.0026  0.7841  0.7893 0.0021  [0.7901 0.7858 0.7843 0.7866 0.7868]
           cpc__028           0.7873 0.0029  0.7845  0.7902 0.0023  [0.7907 0.7876 0.7842 0.7871 0.7869]
           cpc__029           0.7869 0.0028  0.7841  0.7896 0.0022  [0.7900 0.7870 0.7837 0.7867 0.7869]
split_name              scores_test                                                                    
                               mean   t_pm t_int_l t_int_h    std                                values
model_name feature_name                                                                                
lgbm       cpc__000          0.7759 0.0007  0.7751  0.7766 0.0006  [0.7768 0.7760 0.7760 0.7751 0.7756]
           cpc__001          0.7827 0.0006  0.7821  0.7833 0.0005  [0.7830 0.7830 0.7823 0.7831 0.7820]
           cpc__002          0.7864 0.0004  0.7860  0.7868 0.0003  [0.7864 0.7860 0.7866 0.7863 0.7868]
           cpc__003          0.7852 0.0010  0.7842  0.7861 0.0008  [0.7863 0.7853 0.7842 0.7848 0.7851]
           cpc__004          0.7873 0.0004  0.7869  0.7878 0.0003  [0.7877 0.7874 0.7869 0.7876 0.7871]
           cpc__005          0.7884 0.0009  0.7875  0.7894 0.0008  [0.7879 0.7876 0.7882 0.7894 0.7890]
           cpc__006          0.7890 0.0009  0.7881  0.7899 0.0007  [0.7892 0.7893 0.7878 0.7893 0.7894]
           cpc__007          0.7894 0.0004  0.7890  0.7898 0.0003  [0.7897 0.7890 0.7893 0.7896 0.7893]
           cpc__008          0.7907 0.0004  0.7903  0.7911 0.0003  [0.7905 0.7907 0.7909 0.7910 0.7902]
           cpc__009          0.7916 0.0008  0.7907  0.7924 0.0007  [0.7920 0.7915 0.7905 0.7923 0.7915]
           cpc__010          0.7919 0.0006  0.7913  0.7924 0.0004  [0.7921 0.7917 0.7911 0.7921 0.7922]
           cpc__011          0.7929 0.0012  0.7917  0.7941 0.0010  [0.7937 0.7932 0.7916 0.7938 0.7922]
           cpc__012          0.7927 0.0011  0.7916  0.7937 0.0009  [0.7927 0.7925 0.7913 0.7937 0.7931]
           cpc__013          0.7907 0.0011  0.7895  0.7918 0.0009  [0.7906 0.7902 0.7901 0.7922 0.7902]
           cpc__014          0.7905 0.0006  0.7899  0.7912 0.0005  [0.7900 0.7911 0.7907 0.7908 0.7899]
           cpc__015          0.7914 0.0005  0.7910  0.7919 0.0004  [0.7913 0.7918 0.7914 0.7917 0.7909]
           cpc__016          0.7918 0.0009  0.7909  0.7926 0.0007  [0.7921 0.7917 0.7907 0.7926 0.7917]
           cpc__017          0.7909 0.0007  0.7902  0.7916 0.0005  [0.7904 0.7903 0.7910 0.7915 0.7913]
           cpc__018          0.7920 0.0010  0.7910  0.7930 0.0008  [0.7922 0.7922 0.7907 0.7929 0.7918]
           cpc__019          0.7937 0.0012  0.7926  0.7949 0.0009  [0.7926 0.7941 0.7932 0.7950 0.7937]
           cpc__020          0.7921 0.0008  0.7913  0.7929 0.0006  [0.7928 0.7918 0.7912 0.7925 0.7923]
           cpc__021          0.7918 0.0006  0.7912  0.7924 0.0005  [0.7921 0.7914 0.7914 0.7925 0.7918]
           cpc__022          0.7914 0.0014  0.7900  0.7928 0.0011  [0.7925 0.7911 0.7901 0.7907 0.7926]
           cpc__023          0.7929 0.0009  0.7920  0.7938 0.0008  [0.7941 0.7920 0.7926 0.7929 0.7929]
           cpc__024          0.7920 0.0003  0.7916  0.7923 0.0003  [0.7919 0.7918 0.7923 0.7922 0.7917]
           cpc__025          0.7917 0.0010  0.7907  0.7927 0.0008  [0.7927 0.7911 0.7907 0.7918 0.7923]
           cpc__026          0.7922 0.0006  0.7915  0.7928 0.0005  [0.7916 0.7920 0.7919 0.7929 0.7924]
           cpc__027          0.7913 0.0007  0.7905  0.7920 0.0006  [0.7920 0.7912 0.7909 0.7905 0.7917]
           cpc__028          0.7931 0.0009  0.7921  0.7940 0.0008  [0.7935 0.7921 0.7924 0.7935 0.7938]
           cpc__029          0.7929 0.0015  0.7915  0.7944 0.0012  [0.7933 0.7923 0.7922 0.7948 0.7921]


------------------------------------------------------------------------------------------------------------------------
End of report.     Current time: 2022-01-30 09:22:35
------------------------------------------------------------------------------------------------------------------------
