------------------------------------------------------------------------------------------------------------------------
Vector testing report
Params:
    conf: "conf/embeddings_validation_baselines_unsupervised.hocon"

Collected 50 files with 0 errors

------------------------------------------------------------------------------------------------------------------------
Metric: "auroc"
split_name                         scores_valid                                                                                                                                                                                                    
                                           mean   t_pm t_int_l t_int_h    std                                values t_f_stat t_f_alpha t_t_stat t_t_alpha t_delta t_delta_pm t_delta_l t_delta_h t_delta_pp t_delta_pm_pp t_delta_l_pp t_delta_h_pp
model_name feature_name                                                                                                                                                                                                                            
lgbm       barlow_twins_embeddings       0.7366 0.0018  0.7349  0.7384 0.0014  [0.7381 0.7344 0.7365 0.7376 0.7366]   5.7464    0.9406 -26.0136    0.0000 -0.0428     0.0038   -0.0465   -0.0390    -5.4856        0.4863      -5.9719      -4.9993
           baseline                      0.7794 0.0042  0.7752  0.7836 0.0034  [0.7850 0.7793 0.7771 0.7791 0.7764]   1.0000    0.5000   0.0000    0.5000  0.0000     0.0049   -0.0049    0.0049     0.0000        0.6347      -0.6347       0.6347
           cpc_embeddings                0.7605 0.0039  0.7566  0.7644 0.0031  [0.7660 0.7590 0.7597 0.7587 0.7589]   1.1828    0.5627  -9.1782    0.0000 -0.0189     0.0048   -0.0237   -0.0142    -2.4266        0.6097      -3.0362      -1.8169
           mles2_embeddings              0.7667 0.0027  0.7640  0.7694 0.0022  [0.7702 0.7652 0.7656 0.7651 0.7676]   2.4277    0.7943  -7.0166    0.0001 -0.0126     0.0042   -0.0168   -0.0085    -1.6226        0.5333      -2.1559      -1.0893
           mles_embeddings               0.7778 0.0032  0.7747  0.7810 0.0026  [0.7818 0.7766 0.7753 0.7789 0.7765]   1.7601    0.7013  -0.8203    0.2179 -0.0016     0.0044   -0.0059    0.0028    -0.1999        0.5620      -0.7619       0.3621
           mlest_embeddings              0.7436 0.0029  0.7406  0.7465 0.0024  [0.7471 0.7438 0.7405 0.7431 0.7433]   2.0644    0.7500 -19.3869    0.0000 -0.0358     0.0043   -0.0401   -0.0316    -4.5969        0.5468      -5.1437      -4.0502
           nsp_embeddings                0.7492 0.0039  0.7452  0.7531 0.0032  [0.7546 0.7480 0.7480 0.7464 0.7487]   1.1439    0.5503 -14.5584    0.0000 -0.0302     0.0048   -0.0350   -0.0254    -3.8789        0.6144      -4.4933      -3.2645
           random_encoder                0.6216 0.0041  0.6176  0.6257 0.0033  [0.6204 0.6217 0.6266 0.6220 0.6175]   1.0602    0.5219 -74.6023    0.0000 -0.1577     0.0049   -0.1626   -0.1529   -20.2395        0.6256     -20.8651     -19.6139
           rtd_embeddings                0.6819 0.0039  0.6779  0.6858 0.0032  [0.6867 0.6825 0.6815 0.6780 0.6807]   1.1371    0.5480 -46.8888    0.0000 -0.0975     0.0048   -0.1023   -0.0927   -12.5103        0.6153     -13.1256     -11.8951
           sop_embeddings                0.6927 0.0092  0.6834  0.7019 0.0074  [0.7035 0.6904 0.6962 0.6842 0.6889]   0.2076    0.0785 -23.7080    0.0000 -0.0867     0.0084   -0.0952   -0.0783   -11.1279        1.0824     -12.2102     -10.0455
split_name                         scores_test                                                                                                                                                                                                     
                                          mean   t_pm t_int_l t_int_h    std                                values t_f_stat t_f_alpha  t_t_stat t_t_alpha t_delta t_delta_pm t_delta_l t_delta_h t_delta_pp t_delta_pm_pp t_delta_l_pp t_delta_h_pp
model_name feature_name                                                                                                                                                                                                                            
lgbm       barlow_twins_embeddings      0.7403 0.0010  0.7393  0.7412 0.0008  [0.7401 0.7408 0.7398 0.7393 0.7413]   0.6274    0.3313  -86.7786    0.0000 -0.0389     0.0010   -0.0399   -0.0379    -4.9911        0.1326      -5.1237      -4.8584
           baseline                     0.7792 0.0008  0.7784  0.7799 0.0006  [0.7799 0.7783 0.7792 0.7795 0.7788]   1.0000    0.5000    0.0000    0.5000  0.0000     0.0009   -0.0009    0.0009     0.0000        0.1165      -0.1165       0.1165
           cpc_embeddings               0.7628 0.0011  0.7617  0.7639 0.0009  [0.7615 0.7627 0.7638 0.7626 0.7634]   0.4913    0.2541  -33.7615    0.0000 -0.0164     0.0011   -0.0175   -0.0152    -2.1006        0.1435      -2.2441      -1.9571
           mles2_embeddings             0.7702 0.0008  0.7694  0.7710 0.0007  [0.7696 0.7698 0.7704 0.7700 0.7713]   0.9054    0.4628  -22.1608    0.0000 -0.0089     0.0009   -0.0099   -0.0080    -1.1480        0.1195      -1.2675      -1.0286
           mles_embeddings              0.7810 0.0005  0.7804  0.7815 0.0004  [0.7812 0.7808 0.7803 0.7814 0.7811]   2.0671    0.7504    5.4007    0.9997  0.0018     0.0008    0.0010    0.0026     0.2349        0.1003       0.1346       0.3352
           mlest_embeddings             0.7465 0.0007  0.7458  0.7472 0.0005  [0.7460 0.7470 0.7460 0.7464 0.7471]   1.3470    0.6101  -88.9189    0.0000 -0.0327     0.0008   -0.0335   -0.0318    -4.1914        0.1087      -4.3001      -4.0827
           nsp_embeddings               0.7508 0.0005  0.7503  0.7513 0.0004  [0.7502 0.7511 0.7507 0.7507 0.7512]   2.3295    0.7836  -85.2565    0.0000 -0.0284     0.0008   -0.0291   -0.0276    -3.6399        0.0985      -3.7383      -3.5414
           random_encoder               0.6362 0.0022  0.6340  0.6384 0.0017  [0.6364 0.6338 0.6387 0.6363 0.6357]   0.1282    0.0358 -173.1842    0.0000 -0.1429     0.0019   -0.1449   -0.1410   -18.3468        0.2443     -18.5911     -18.1025
           rtd_embeddings               0.6837 0.0015  0.6823  0.6852 0.0012  [0.6834 0.6834 0.6832 0.6858 0.6829]   0.2764    0.1204 -159.5704    0.0000 -0.0954     0.0014   -0.0968   -0.0940   -12.2457        0.1770     -12.4227     -12.0688
           sop_embeddings               0.6949 0.0014  0.6935  0.6963 0.0011  [0.6936 0.6965 0.6953 0.6941 0.6950]   0.3086    0.1406 -147.0481    0.0000 -0.0842     0.0013   -0.0856   -0.0829   -10.8129        0.1696     -10.9825     -10.6434

------------------------------------------------------------------------------------------------------------------------
Metric: "accuracy"
split_name                         scores_valid                                                                                                                                                                                                    
                                           mean   t_pm t_int_l t_int_h    std                                values t_f_stat t_f_alpha t_t_stat t_t_alpha t_delta t_delta_pm t_delta_l t_delta_h t_delta_pp t_delta_pm_pp t_delta_l_pp t_delta_h_pp
model_name feature_name                                                                                                                                                                                                                            
lgbm       barlow_twins_embeddings       0.9724 0.0000  0.9724  0.9724 0.0000  [0.9724 0.9724 0.9724 0.9724 0.9724]  31.6667    0.9972  -1.7143    0.0624 -0.0000     0.0000   -0.0000    0.0000    -0.0014        0.0019      -0.0033       0.0005
           baseline                      0.9724 0.0000  0.9724  0.9725 0.0000  [0.9724 0.9725 0.9724 0.9724 0.9724]   1.0000    0.5000   0.0000    0.5000  0.0000     0.0000   -0.0000    0.0000     0.0000        0.0027      -0.0027       0.0027
           cpc_embeddings                0.9724 0.0000  0.9724  0.9724 0.0000  [0.9724 0.9724 0.9724 0.9724 0.9724]   3.8000    0.8879  -2.5820    0.0163 -0.0000     0.0000   -0.0000   -0.0000    -0.0024        0.0021      -0.0045      -0.0003
           mles2_embeddings              0.9724 0.0000  0.9724  0.9724 0.0000  [0.9724 0.9724 0.9724 0.9724 0.9724]   5.5882    0.9379  -1.8708    0.0491 -0.0000     0.0000   -0.0000    0.0000    -0.0017        0.0020      -0.0037       0.0004
           mles_embeddings               0.9724 0.0000  0.9724  0.9725 0.0000  [0.9724 0.9724 0.9724 0.9724 0.9724]   0.6786    0.3581  -0.9225    0.1916 -0.0000     0.0000   -0.0000    0.0000    -0.0012        0.0030      -0.0041       0.0018
           mlest_embeddings              0.9724 0.0000  0.9724  0.9724 0.0000  [0.9724 0.9724 0.9724 0.9724 0.9724]  31.6667    0.9972  -1.7143    0.0624 -0.0000     0.0000   -0.0000    0.0000    -0.0014        0.0019      -0.0033       0.0005
           nsp_embeddings                0.9724 0.0000  0.9724  0.9724 0.0000  [0.9724 0.9724 0.9724 0.9724 0.9724]  31.6667    0.9972  -1.7143    0.0624 -0.0000     0.0000   -0.0000    0.0000    -0.0014        0.0019      -0.0033       0.0005
           random_encoder                0.9724 0.0000  0.9724  0.9724 0.0000  [0.9724 0.9724 0.9724 0.9724 0.9724]  31.6667    0.9972  -1.7143    0.0624 -0.0000     0.0000   -0.0000    0.0000    -0.0014        0.0019      -0.0033       0.0005
           rtd_embeddings                0.9724 0.0000  0.9724  0.9724 0.0000  [0.9724 0.9724 0.9724 0.9724 0.9724]  31.6667    0.9972  -1.7143    0.0624 -0.0000     0.0000   -0.0000    0.0000    -0.0014        0.0019      -0.0033       0.0005
           sop_embeddings                0.9724 0.0000  0.9724  0.9724 0.0000  [0.9724 0.9724 0.9724 0.9724 0.9724]  31.6667    0.9972  -1.7143    0.0624 -0.0000     0.0000   -0.0000    0.0000    -0.0014        0.0019      -0.0033       0.0005
split_name                         scores_test                                                                                                                                                                                                                        
                                          mean   t_pm t_int_l t_int_h    std                                values                     t_f_stat t_f_alpha t_t_stat t_t_alpha t_delta t_delta_pm t_delta_l t_delta_h t_delta_pp t_delta_pm_pp t_delta_l_pp t_delta_h_pp
model_name feature_name                                                                                                                                                                                                                                               
lgbm       barlow_twins_embeddings      0.9725 0.0000  0.9725  0.9725 0.0000  [0.9725 0.9725 0.9725 0.9725 0.9725] 53804977965721051987968.0000    1.0000   2.5786    0.9837  0.0000     0.0000    0.0000    0.0001     0.0034        0.0031       0.0004       0.0065
           baseline                     0.9724 0.0000  0.9724  0.9725 0.0000  [0.9724 0.9724 0.9724 0.9724 0.9724]                       1.0000    0.5000   0.0000    0.5000  0.0000     0.0000   -0.0000    0.0000     0.0000        0.0043      -0.0043       0.0043
           cpc_embeddings               0.9724 0.0000  0.9724  0.9724 0.0000  [0.9724 0.9724 0.9725 0.9724 0.9724]                      11.0000    0.9803   1.5430    0.9193  0.0000     0.0000   -0.0000    0.0001     0.0021        0.0032      -0.0011       0.0053
           mles2_embeddings             0.9725 0.0000  0.9724  0.9725 0.0000  [0.9725 0.9725 0.9725 0.9724 0.9725]                      15.4000    0.9893   2.4988    0.9815  0.0000     0.0000    0.0000    0.0001     0.0034        0.0032       0.0003       0.0066
           mles_embeddings              0.9725 0.0000  0.9724  0.9725 0.0000  [0.9725 0.9724 0.9724 0.9725 0.9725]                       2.7500    0.8246   2.6222    0.9847  0.0000     0.0000    0.0000    0.0001     0.0041        0.0036       0.0005       0.0076
           mlest_embeddings             0.9725 0.0000  0.9725  0.9725 0.0000  [0.9725 0.9725 0.9725 0.9725 0.9725] 53804977965721051987968.0000    1.0000   2.5786    0.9837  0.0000     0.0000    0.0000    0.0001     0.0034        0.0031       0.0004       0.0065
           nsp_embeddings               0.9724 0.0000  0.9724  0.9725 0.0000  [0.9725 0.9724 0.9724 0.9724 0.9725]                      11.0000    0.9803   1.8516    0.9494  0.0000     0.0000   -0.0000    0.0001     0.0026        0.0032      -0.0006       0.0058
           random_encoder               0.9725 0.0000  0.9725  0.9725 0.0000  [0.9725 0.9725 0.9725 0.9725 0.9725] 53804977965721051987968.0000    1.0000   2.5786    0.9837  0.0000     0.0000    0.0000    0.0001     0.0034        0.0031       0.0004       0.0065
           rtd_embeddings               0.9725 0.0000  0.9725  0.9725 0.0000  [0.9725 0.9725 0.9725 0.9725 0.9725] 53804977965721051987968.0000    1.0000   2.5786    0.9837  0.0000     0.0000    0.0000    0.0001     0.0034        0.0031       0.0004       0.0065
           sop_embeddings               0.9725 0.0000  0.9725  0.9725 0.0000  [0.9725 0.9725 0.9725 0.9725 0.9725] 53804977965721051987968.0000    1.0000   2.5786    0.9837  0.0000     0.0000    0.0000    0.0001     0.0034        0.0031       0.0004       0.0065

------------------------------------------------------------------------------------------------------------------------
End of report.     Current time: 2022-01-27 09:09:46
------------------------------------------------------------------------------------------------------------------------
