------------------------------------------------------------------------------------------------------------------------
Vector testing report
Params:
    conf: "conf/embeddings_validation_short_1643009646.hocon"

Collected 30 files with 0 errors

------------------------------------------------------------------------------------------------------------------------
Metric: "auroc"
split_name                                scores_valid                                                                                                                                                                                                    
                                                  mean   t_pm t_int_l t_int_h    std                                values t_f_stat t_f_alpha t_t_stat t_t_alpha t_delta t_delta_pm t_delta_l t_delta_h t_delta_pp t_delta_pm_pp t_delta_l_pp t_delta_h_pp
model_name feature_name                                                                                                                                                                                                                                   
lgbm       emb_mles__hidden_size__hs_0064       0.7726 0.0031  0.7695  0.7756 0.0025  [0.7765 0.7727 0.7713 0.7725 0.7699]   1.0653    0.5237  -3.3047    0.0054 -0.0053     0.0037   -0.0089   -0.0016    -0.6764        0.4720      -1.1483      -0.2044
           emb_mles__hidden_size__hs_0128       0.7778 0.0032  0.7747  0.7810 0.0026  [0.7818 0.7766 0.7753 0.7789 0.7765]   1.0000    0.5000   0.0000    0.5000  0.0000     0.0037   -0.0037    0.0037     0.0000        0.4794      -0.4794       0.4794
           emb_mles__hidden_size__hs_0256       0.7802 0.0045  0.7756  0.7847 0.0036  [0.7862 0.7806 0.7775 0.7793 0.7773]   0.4925    0.2548   1.1740    0.8629  0.0023     0.0046   -0.0023    0.0069     0.3004        0.5901      -0.2896       0.8905
           emb_mles__hidden_size__hs_0512       0.7817 0.0034  0.7783  0.7850 0.0027  [0.7864 0.7811 0.7800 0.7809 0.7799]   0.8928    0.4576   2.3135    0.9753  0.0039     0.0038    0.0000    0.0077     0.4951        0.4935       0.0016       0.9887
           emb_mles__hidden_size__hs_1024       0.7826 0.0031  0.7794  0.7857 0.0025  [0.7867 0.7828 0.7801 0.7821 0.7811]   1.0386    0.5142   2.9454    0.9907  0.0047     0.0037    0.0010    0.0084     0.6066        0.4749       0.1317       1.0814
split_name                                scores_test
                                                 mean   t_pm t_int_l t_int_h    std                                values t_f_stat t_f_alpha t_t_stat t_t_alpha t_delta t_delta_pm t_delta_l t_delta_h t_delta_pp t_delta_pm_pp t_delta_l_pp t_delta_h_pp
model_name feature_name                                                                                                                                                                                                                                  
lgbm       emb_mles__hidden_size__hs_0064      0.7752 0.0003  0.7749  0.7754 0.0002  [0.7749 0.7753 0.7753 0.7750 0.7754]   3.9974    0.8959 -26.8561    0.0000 -0.0058     0.0005   -0.0063   -0.0053    -0.7441        0.0639      -0.8080      -0.6802
           emb_mles__hidden_size__hs_0128      0.7810 0.0005  0.7804  0.7815 0.0004  [0.7812 0.7808 0.7803 0.7814 0.7811]   1.0000    0.5000   0.0000    0.5000  0.0000     0.0006   -0.0006    0.0006     0.0000        0.0808      -0.0808       0.0808
           emb_mles__hidden_size__hs_0256      0.7823 0.0004  0.7819  0.7827 0.0003  [0.7825 0.7824 0.7817 0.7825 0.7822]   1.7815    0.7052   5.2956    0.9996  0.0013     0.0006    0.0007    0.0018     0.1640        0.0714       0.0926       0.2354
           emb_mles__hidden_size__hs_0512      0.7827 0.0003  0.7824  0.7830 0.0002  [0.7830 0.7826 0.7824 0.7827 0.7828]   3.7007    0.8835   7.8417    1.0000  0.0017     0.0005    0.0012    0.0022     0.2190        0.0644       0.1546       0.2834
           emb_mles__hidden_size__hs_1024      0.7845 0.0013  0.7833  0.7858 0.0010  [0.7832 0.7853 0.7857 0.7839 0.7846]   0.1801    0.0628   7.1591    1.0000  0.0035     0.0011    0.0024    0.0047     0.4541        0.1463       0.3078       0.6003


------------------------------------------------------------------------------------------------------------------------
End of report.     Current time: 2022-01-24 07:34:12
------------------------------------------------------------------------------------------------------------------------
