------------------------------------------------------------------------------------------------------------------------
Vector testing report
Params:
    conf: "conf/embeddings_validation_short_1643199598.hocon"

Collected 70 files with 0 errors

------------------------------------------------------------------------------------------------------------------------
Metric: "auroc"
split_name                 scores_valid                                                                                                                                                                                                    
                                   mean   t_pm t_int_l t_int_h    std                                values t_f_stat t_f_alpha t_t_stat t_t_alpha t_delta t_delta_pm t_delta_l t_delta_h t_delta_pp t_delta_pm_pp t_delta_l_pp t_delta_h_pp
model_name feature_name                                                                                                                                                                                                                    
lgbm       emb_mles__000         0.7794 0.0034  0.7760  0.7828 0.0027  [0.7842 0.7782 0.7774 0.7787 0.7784]   0.8799    0.4522   0.9233    0.8086  0.0015     0.0039   -0.0023    0.0054     0.1984        0.4954      -0.2971       0.6938
           emb_mles__001         0.7823 0.0018  0.7806  0.7841 0.0014  [0.7846 0.7825 0.7806 0.7820 0.7820]   3.1360    0.8529   3.4388    0.9956  0.0045     0.0030    0.0015    0.0075     0.5805        0.3893       0.1912       0.9698
           emb_mles__002         0.7835 0.0028  0.7807  0.7863 0.0022  [0.7872 0.7834 0.7812 0.7828 0.7830]   1.2945    0.5957   3.7430    0.9972  0.0057     0.0035    0.0022    0.0092     0.7325        0.4513       0.2812       1.1838
           emb_mles__003         0.7837 0.0026  0.7811  0.7864 0.0021  [0.7867 0.7847 0.7814 0.7838 0.7822]   1.4550    0.6374   3.9846    0.9980  0.0059     0.0034    0.0025    0.0093     0.7608        0.4403       0.3205       1.2011
           emb_mles__004         0.7850 0.0023  0.7827  0.7873 0.0019  [0.7877 0.7857 0.7835 0.7852 0.7830]   1.8651    0.7196   5.0666    0.9995  0.0072     0.0033    0.0039    0.0104     0.9231        0.4201       0.5029       1.3432
           emb_mles__005         0.7848 0.0027  0.7822  0.7875 0.0022  [0.7883 0.7850 0.7825 0.7848 0.7836]   1.4085    0.6260   4.6890    0.9992  0.0070     0.0034    0.0036    0.0105     0.9013        0.4432       0.4580       1.3445
           emb_mles__006         0.7856 0.0033  0.7823  0.7889 0.0027  [0.7897 0.7862 0.7835 0.7858 0.7829]   0.9088    0.4642   4.6963    0.9992  0.0078     0.0038    0.0040    0.0116     1.0004        0.4912       0.5092       1.4917
           emb_mles__007         0.7855 0.0022  0.7833  0.7877 0.0018  [0.7886 0.7855 0.7840 0.7846 0.7848]   2.0299    0.7451   5.4924    0.9997  0.0077     0.0032    0.0045    0.0109     0.9863        0.4141       0.5722       1.4004
           emb_mles__008         0.7860 0.0028  0.7832  0.7888 0.0023  [0.7898 0.7862 0.7843 0.7849 0.7847]   1.2873    0.5937   5.3508    0.9997  0.0082     0.0035    0.0046    0.0117     1.0484        0.4518       0.5966       1.5002
           emb_mles__009         0.7865 0.0023  0.7842  0.7888 0.0019  [0.7893 0.7874 0.7845 0.7858 0.7857]   1.9010    0.7255   6.1617    0.9999  0.0087     0.0033    0.0054    0.0120     1.1188        0.4187       0.7001       1.5376
           emb_mles__010         0.7859 0.0018  0.7841  0.7877 0.0015  [0.7882 0.7862 0.7843 0.7851 0.7860]   3.0659    0.8483   6.1511    0.9999  0.0081     0.0030    0.0051    0.0111     1.0412        0.3903       0.6509       1.4316
           emb_mles__011         0.7865 0.0022  0.7843  0.7887 0.0018  [0.7894 0.7870 0.7850 0.7855 0.7855]   2.0489    0.7478   6.2101    0.9999  0.0087     0.0032    0.0054    0.0119     1.1135        0.4135       0.7000       1.5270
           emb_mles__014         0.7864 0.0016  0.7848  0.7881 0.0013  [0.7886 0.7862 0.7851 0.7865 0.7858]   3.7299    0.8848   6.6796    0.9999  0.0086     0.0030    0.0056    0.0116     1.1056        0.3817       0.7239       1.4873
           emb_mles__018         0.7870 0.0019  0.7851  0.7890 0.0016  [0.7898 0.7865 0.7860 0.7861 0.7868]   2.6750    0.8182   6.8622    0.9999  0.0092     0.0031    0.0061    0.0123     1.1823        0.3973       0.7850       1.5796
           mles_embeddings       0.7778 0.0032  0.7747  0.7810 0.0026  [0.7818 0.7766 0.7753 0.7789 0.7765]   1.0000    0.5000   0.0000    0.5000  0.0000     0.0037   -0.0037    0.0037     0.0000        0.4794      -0.4794       0.4794
split_name                 scores_test                                                                                                                                                                                                    
                                  mean   t_pm t_int_l t_int_h    std                                values t_f_stat t_f_alpha t_t_stat t_t_alpha t_delta t_delta_pm t_delta_l t_delta_h t_delta_pp t_delta_pm_pp t_delta_l_pp t_delta_h_pp
model_name feature_name                                                                                                                                                                                                                   
lgbm       emb_mles__000        0.7816 0.0011  0.7806  0.7827 0.0009  [0.7823 0.7810 0.7827 0.7813 0.7808]   0.2580    0.1089   1.4945    0.9133  0.0006     0.0010   -0.0003    0.0016     0.0818        0.1262      -0.0444       0.2080
           emb_mles__001        0.7853 0.0010  0.7843  0.7863 0.0008  [0.7860 0.7857 0.7847 0.7842 0.7858]   0.2963    0.1328  10.6196    1.0000  0.0043     0.0009    0.0034    0.0052     0.5504        0.1195       0.4309       0.6700
           emb_mles__002        0.7860 0.0007  0.7853  0.7868 0.0006  [0.7868 0.7863 0.7853 0.7857 0.7861]   0.5464    0.2863  15.5033    1.0000  0.0050     0.0008    0.0043    0.0058     0.6463        0.0961       0.5501       0.7424
           emb_mles__003        0.7858 0.0005  0.7853  0.7864 0.0004  [0.7864 0.7860 0.7855 0.7854 0.7858]   1.0326    0.5120  17.8586    1.0000  0.0048     0.0006    0.0042    0.0055     0.6209        0.0802       0.5407       0.7010
           emb_mles__004        0.7864 0.0008  0.7856  0.7872 0.0006  [0.7855 0.7872 0.7864 0.7865 0.7864]   0.4979    0.2580  16.1545    1.0000  0.0054     0.0008    0.0046    0.0062     0.6943        0.0991       0.5952       0.7935
           emb_mles__005        0.7852 0.0008  0.7843  0.7860 0.0007  [0.7856 0.7858 0.7854 0.7849 0.7841]   0.4125    0.2060  11.6870    1.0000  0.0042     0.0008    0.0034    0.0050     0.5359        0.1057       0.4302       0.6417
           emb_mles__006        0.7866 0.0007  0.7859  0.7873 0.0006  [0.7860 0.7868 0.7875 0.7865 0.7865]   0.5881    0.3098  17.8179    1.0000  0.0057     0.0007    0.0049    0.0064     0.7256        0.0939       0.6317       0.8195
           emb_mles__007        0.7847 0.0005  0.7842  0.7852 0.0004  [0.7852 0.7851 0.7847 0.7844 0.7843]   1.1546    0.5537  14.1850    1.0000  0.0037     0.0006    0.0031    0.0044     0.4802        0.0781       0.4021       0.5582
           emb_mles__008        0.7857 0.0009  0.7847  0.7866 0.0007  [0.7857 0.7855 0.7866 0.7846 0.7859]   0.3494    0.1664  12.2811    1.0000  0.0047     0.0009    0.0038    0.0055     0.5981        0.1123       0.4858       0.7104
           emb_mles__009        0.7863 0.0009  0.7854  0.7872 0.0007  [0.7859 0.7863 0.7866 0.7854 0.7873]   0.3620    0.1744  14.2833    1.0000  0.0054     0.0009    0.0045    0.0062     0.6865        0.1108       0.5757       0.7974
           emb_mles__010        0.7857 0.0009  0.7849  0.7866 0.0007  [0.7857 0.7864 0.7863 0.7846 0.7857]   0.3922    0.1934  13.0752    1.0000  0.0048     0.0008    0.0039    0.0056     0.6104        0.1077       0.5028       0.7181
           emb_mles__011        0.7864 0.0008  0.7856  0.7873 0.0007  [0.7864 0.7872 0.7861 0.7855 0.7869]   0.4142    0.2071  15.2282    1.0000  0.0054     0.0008    0.0046    0.0063     0.6973        0.1056       0.5917       0.8029
           emb_mles__014        0.7854 0.0010  0.7844  0.7865 0.0008  [0.7861 0.7858 0.7855 0.7840 0.7859]   0.2706    0.1167  10.6500    1.0000  0.0045     0.0010    0.0035    0.0054     0.5719        0.1238       0.4481       0.6957
           emb_mles__018        0.7863 0.0009  0.7853  0.7872 0.0008  [0.7862 0.7864 0.7869 0.7850 0.7869]   0.3225    0.1494  13.5338    1.0000  0.0053     0.0009    0.0044    0.0062     0.6791        0.1157       0.5634       0.7948
           mles_embeddings      0.7810 0.0005  0.7804  0.7815 0.0004  [0.7812 0.7808 0.7803 0.7814 0.7811]   1.0000    0.5000   0.0000    0.5000  0.0000     0.0006   -0.0006    0.0006     0.0000        0.0808      -0.0808       0.0808

------------------------------------------------------------------------------------------------------------------------
Metric: "accuracy"
split_name                 scores_valid                                                                                                                                                                                                    
                                   mean   t_pm t_int_l t_int_h    std                                values t_f_stat t_f_alpha t_t_stat t_t_alpha t_delta t_delta_pm t_delta_l t_delta_h t_delta_pp t_delta_pm_pp t_delta_l_pp t_delta_h_pp
model_name feature_name                                                                                                                                                                                                                    
lgbm       emb_mles__000         0.9724 0.0000  0.9724  0.9724 0.0000  [0.9724 0.9724 0.9724 0.9724 0.9724]   5.0000    0.9259   0.3273    0.6241  0.0000     0.0000   -0.0000    0.0000     0.0004        0.0025      -0.0021       0.0029
           emb_mles__001         0.9724 0.0000  0.9724  0.9724 0.0000  [0.9724 0.9724 0.9724 0.9724 0.9724]   2.4561    0.7973  -0.1008    0.4611 -0.0000     0.0000   -0.0000    0.0000    -0.0001        0.0027      -0.0028       0.0026
           emb_mles__002         0.9724 0.0000  0.9724  0.9724 0.0000  [0.9724 0.9724 0.9724 0.9724 0.9724]   5.0000    0.9259  -0.3273    0.3759 -0.0000     0.0000   -0.0000    0.0000    -0.0004        0.0025      -0.0029       0.0021
           emb_mles__003         0.9724 0.0000  0.9724  0.9724 0.0000  [0.9724 0.9724 0.9724 0.9724 0.9724]   2.9167    0.8377  -0.2063    0.4209 -0.0000     0.0000   -0.0000    0.0000    -0.0002        0.0027      -0.0029       0.0024
           emb_mles__004         0.9724 0.0000  0.9724  0.9724 0.0000  [0.9724 0.9724 0.9724 0.9724 0.9724]   1.7949    0.7076  -0.2873    0.3906 -0.0000     0.0000   -0.0000    0.0000    -0.0004        0.0029      -0.0032       0.0025
           emb_mles__005         0.9724 0.0000  0.9724  0.9724 0.0000  [0.9724 0.9724 0.9724 0.9724 0.9724]   2.4138    0.7928  -0.8040    0.2223 -0.0000     0.0000   -0.0000    0.0000    -0.0009        0.0027      -0.0037       0.0018
           emb_mles__006         0.9724 0.0000  0.9724  0.9724 0.0000  [0.9724 0.9724 0.9724 0.9724 0.9724]   1.3333    0.6064  -0.9035    0.1963 -0.0000     0.0000   -0.0000    0.0000    -0.0012        0.0030      -0.0042       0.0018
           emb_mles__007         0.9724 0.0000  0.9724  0.9724 0.0000  [0.9724 0.9724 0.9724 0.9724 0.9724]  20.0000    0.9934   0.1166    0.5450  0.0000     0.0000   -0.0000    0.0000     0.0001        0.0023      -0.0022       0.0025
           emb_mles__008         0.9724 0.0000  0.9724  0.9724 0.0000  [0.9724 0.9724 0.9724 0.9724 0.9724]  10.7692    0.9796  -0.2287    0.4124 -0.0000     0.0000   -0.0000    0.0000    -0.0002        0.0024      -0.0026       0.0022
           emb_mles__009         0.9724 0.0000  0.9724  0.9724 0.0000  [0.9724 0.9724 0.9724 0.9724 0.9724]   6.0870    0.9459  -0.3323    0.3741 -0.0000     0.0000   -0.0000    0.0000    -0.0004        0.0025      -0.0028       0.0021
           emb_mles__010         0.9724 0.0000  0.9724  0.9724 0.0000  [0.9724 0.9724 0.9724 0.9724 0.9724]   2.6923    0.8197   0.4082    0.6531  0.0000     0.0000   -0.0000    0.0000     0.0005        0.0027      -0.0022       0.0032
           emb_mles__014         0.9724 0.0000  0.9724  0.9724 0.0000  [0.9724 0.9724 0.9724 0.9724 0.9724]   2.9787    0.8422  -0.6205    0.2761 -0.0000     0.0000   -0.0000    0.0000    -0.0007        0.0026      -0.0034       0.0019
           emb_mles__018         0.9724 0.0000  0.9724  0.9724 0.0000  [0.9724 0.9724 0.9724 0.9724 0.9724]   1.6092    0.6719  -0.0939    0.4638 -0.0000     0.0000   -0.0000    0.0000    -0.0001        0.0029      -0.0030       0.0028
           mles_embeddings       0.9724 0.0000  0.9724  0.9725 0.0000  [0.9724 0.9724 0.9724 0.9724 0.9724]   1.0000    0.5000   0.0000    0.5000  0.0000     0.0000   -0.0000    0.0000     0.0000        0.0032      -0.0032       0.0032
split_name                 scores_test                                                                                                                                                                                                    
                                  mean   t_pm t_int_l t_int_h    std                                values t_f_stat t_f_alpha t_t_stat t_t_alpha t_delta t_delta_pm t_delta_l t_delta_h t_delta_pp t_delta_pm_pp t_delta_l_pp t_delta_h_pp
model_name feature_name                                                                                                                                                                                                                   
lgbm       emb_mles__000        0.9725 0.0000  0.9725  0.9725 0.0000  [0.9725 0.9725 0.9725 0.9725 0.9725]   2.1538    0.7621   1.1043    0.8492  0.0000     0.0000   -0.0000    0.0000     0.0011        0.0022      -0.0012       0.0033
           emb_mles__001        0.9725 0.0000  0.9724  0.9725 0.0000  [0.9724 0.9725 0.9725 0.9725 0.9725]   0.5957    0.3141   0.9798    0.8221  0.0000     0.0000   -0.0000    0.0000     0.0013        0.0030      -0.0017       0.0043
           emb_mles__002        0.9725 0.0000  0.9725  0.9725 0.0000  [0.9725 0.9725 0.9725 0.9725 0.9725]   1.1200    0.5424   1.3598    0.8945  0.0000     0.0000   -0.0000    0.0000     0.0015        0.0025      -0.0010       0.0040
           emb_mles__003        0.9725 0.0000  0.9725  0.9725 0.0000  [0.9725 0.9725 0.9725 0.9725 0.9725]   1.5556    0.6605   1.8766    0.9513  0.0000     0.0000   -0.0000    0.0000     0.0019        0.0024      -0.0004       0.0043
           emb_mles__004        0.9724 0.0000  0.9724  0.9725 0.0000  [0.9724 0.9725 0.9725 0.9724 0.9724]   9.3333    0.9737  -1.5240    0.0830 -0.0000     0.0000   -0.0000    0.0000    -0.0013        0.0019      -0.0032       0.0007
           emb_mles__005        0.9725 0.0000  0.9724  0.9725 0.0000  [0.9725 0.9725 0.9725 0.9724 0.9725]   0.7568    0.3968   1.0525    0.8383  0.0000     0.0000   -0.0000    0.0000     0.0013        0.0028      -0.0015       0.0041
           emb_mles__006        0.9724 0.0000  0.9724  0.9725 0.0000  [0.9724 0.9724 0.9725 0.9724 0.9725]   1.2727    0.5896  -1.4000    0.0995 -0.0000     0.0000   -0.0000    0.0000    -0.0015        0.0025      -0.0040       0.0010
           emb_mles__007        0.9725 0.0000  0.9725  0.9725 0.0000  [0.9725 0.9725 0.9725 0.9725 0.9725]   4.0000    0.8960   0.7171    0.7532  0.0000     0.0000   -0.0000    0.0000     0.0006        0.0021      -0.0014       0.0027
           emb_mles__008        0.9725 0.0000  0.9724  0.9725 0.0000  [0.9725 0.9725 0.9725 0.9725 0.9725]   3.5000    0.8738   0.0000    0.5000  0.0000     0.0000   -0.0000    0.0000     0.0000        0.0021      -0.0021       0.0021
           emb_mles__009        0.9725 0.0000  0.9724  0.9725 0.0000  [0.9725 0.9725 0.9725 0.9724 0.9725]   1.0370    0.5136   0.1907    0.5732  0.0000     0.0000   -0.0000    0.0000     0.0002        0.0026      -0.0024       0.0028
           emb_mles__010        0.9725 0.0000  0.9724  0.9725 0.0000  [0.9724 0.9724 0.9725 0.9725 0.9725]   0.6222    0.3285  -0.4966    0.3164 -0.0000     0.0000   -0.0000    0.0000    -0.0006        0.0030      -0.0036       0.0023
           emb_mles__014        0.9725 0.0000  0.9724  0.9725 0.0000  [0.9725 0.9725 0.9724 0.9725 0.9725]   1.0000    0.5000   0.0000    0.5000  0.0000     0.0000   -0.0000    0.0000     0.0000        0.0026      -0.0026       0.0026
           emb_mles__018        0.9724 0.0000  0.9724  0.9725 0.0000  [0.9724 0.9724 0.9724 0.9725 0.9724]   2.1538    0.7621  -2.2086    0.0291 -0.0000     0.0000   -0.0000    0.0000    -0.0021        0.0022      -0.0044       0.0001
           mles_embeddings      0.9725 0.0000  0.9724  0.9725 0.0000  [0.9725 0.9724 0.9724 0.9725 0.9725]   1.0000    0.5000   0.0000    0.5000  0.0000     0.0000   -0.0000    0.0000     0.0000        0.0026      -0.0026       0.0026

------------------------------------------------------------------------------------------------------------------------
End of report.     Current time: 2022-01-26 12:32:43
------------------------------------------------------------------------------------------------------------------------
