------------------------------------------------------------------------------------------------------------------------
Vector testing report
Params:
    conf: "conf/embeddings_validation_another_baselines.hocon"

Collected 21 files with 0 errors

------------------------------------------------------------------------------------------------------------------------
Metric: "accuracy"
                           scores_valid                                                                                                                                                                                             
                                   mean  t_pm t_int_l t_int_h   std                           values t_f_stat t_f_alpha t_t_stat t_t_alpha t_delta t_delta_pm t_delta_l t_delta_h t_delta_pp t_delta_pm_pp t_delta_l_pp t_delta_h_pp
model_name feature_name                                                                                                                                                                                                             
lgbm       mles_embeddings        0.638 0.006   0.633   0.644 0.005  [0.640 0.637 0.646 0.636 0.634]    1.000     0.500    0.000     0.500   0.000      0.007    -0.007     0.007      0.000         1.049       -1.049        1.049
           nsp_embeddings         0.619 0.003   0.616   0.622 0.002  [0.617 0.620 0.621 0.621 0.616]    4.123     0.901   -8.369     0.000  -0.019      0.005    -0.024    -0.014     -2.999         0.826       -3.826       -2.173
           rtd_embeddings         0.636 0.008   0.627   0.644 0.007  [0.631 0.639 0.646 0.629 0.634]    0.458     0.234   -0.688     0.256  -0.003      0.008    -0.011     0.006     -0.395         1.323       -1.718        0.929
           sop_embeddings         0.499 0.008   0.490   0.507 0.007  [0.495 0.508 0.490 0.501 0.498]    0.463     0.237  -38.327     0.000  -0.140      0.008    -0.148    -0.131    -21.912         1.318      -23.231      -20.594
nn         rtd_finetuning         0.639 0.011   0.628   0.651 0.009  [0.648 0.631 0.646 0.643 0.628]    0.253     0.106    0.219     0.584   0.001      0.011    -0.010     0.012      0.157         1.651       -1.495        1.808
                           scores_test                                                                                                                                                                                             
                                  mean  t_pm t_int_l t_int_h   std                           values t_f_stat t_f_alpha t_t_stat t_t_alpha t_delta t_delta_pm t_delta_l t_delta_h t_delta_pp t_delta_pm_pp t_delta_l_pp t_delta_h_pp
model_name feature_name                                                                                                                                                                                                            
lgbm       mles_embeddings       0.638 0.008   0.630   0.647 0.007  [0.643 0.644 0.641 0.634 0.628]    1.000     0.500    0.000     0.500   0.000      0.010    -0.010     0.010      0.000         1.534       -1.534        1.534
           nsp_embeddings        0.622 0.005   0.617   0.627 0.004  [0.619 0.620 0.619 0.629 0.622]    2.417     0.793   -4.559     0.001  -0.016      0.008    -0.024    -0.008     -2.549         1.289       -3.838       -1.259
           rtd_embeddings        0.632 0.002   0.629   0.634 0.002  [0.629 0.631 0.630 0.633 0.634]   13.159     0.986   -2.142     0.032  -0.007      0.007    -0.014     0.001     -1.045         1.125       -2.169        0.080
           sop_embeddings        0.493 0.002   0.491   0.496 0.002  [0.491 0.496 0.494 0.493 0.492]   12.949     0.985  -46.551     0.000  -0.145      0.007    -0.152    -0.138    -22.720         1.125      -23.846      -21.595
nn         rtd_finetuning        0.635 0.008   0.627   0.642 0.006  [0.643 0.633 0.639 0.632 0.628]    1.231     0.577   -0.809     0.221  -0.003      0.009    -0.013     0.006     -0.512         1.460       -1.972        0.948

------------------------------------------------------------------------------------------------------------------------
End of report.     Current time: 2020-10-01 03:54:48
------------------------------------------------------------------------------------------------------------------------
