------------------------------------------------------------------------------------------------------------------------
Vector testing report
Params:
    conf: "conf/embeddings_validation_short_1613980793.hocon"

Collected 55 files with 0 errors

------------------------------------------------------------------------------------------------------------------------
Metric: "accuracy"
                                            scores_valid                                                                                                                                                                                             
                                                    mean  t_pm t_int_l t_int_h   std                           values t_f_stat t_f_alpha t_t_stat t_t_alpha t_delta t_delta_pm t_delta_l t_delta_h t_delta_pp t_delta_pm_pp t_delta_l_pp t_delta_h_pp
model_name feature_name                                                                                                                                                                                                                              
lgbm       emb__hidden_size_bs_0064_hs_0032        0.594 0.004   0.589   0.598 0.004  [0.589 0.596 0.598 0.596 0.591]    1.856     0.718  -16.832     0.000  -0.046      0.006    -0.052    -0.040     -7.184         0.984       -8.168       -6.200
           emb__hidden_size_bs_0064_hs_0064        0.605 0.008   0.597   0.613 0.006  [0.610 0.611 0.607 0.601 0.596]    0.639     0.338   -9.877     0.000  -0.035      0.008    -0.043    -0.027     -5.441         1.270       -6.712       -4.171
           emb__hidden_size_bs_0064_hs_0096        0.609 0.006   0.604   0.615 0.005  [0.607 0.618 0.606 0.608 0.608]    1.126     0.544  -10.052     0.000  -0.030      0.007    -0.037    -0.023     -4.753         1.090       -5.843       -3.662
           emb__hidden_size_bs_0064_hs_0160        0.618 0.005   0.613   0.622 0.004  [0.614 0.624 0.618 0.617 0.615]    1.542     0.657   -7.888     0.000  -0.022      0.007    -0.029    -0.016     -3.485         1.019       -4.504       -2.466
           emb__hidden_size_bs_0064_hs_0224        0.623 0.005   0.617   0.628 0.004  [0.620 0.629 0.623 0.618 0.624]    1.318     0.602   -5.823     0.000  -0.017      0.007    -0.024    -0.010     -2.657         1.052       -3.709       -1.605
           emb__hidden_size_bs_0064_hs_0480        0.636 0.008   0.628   0.643 0.006  [0.631 0.645 0.638 0.629 0.635]    0.605     0.319   -1.167     0.138  -0.004      0.008    -0.012     0.004     -0.654         1.292       -1.946        0.638
           emb__hidden_size_bs_0064_hs_0800        0.638 0.006   0.632   0.644 0.005  [0.634 0.639 0.646 0.636 0.634]    0.996     0.499   -0.630     0.273  -0.002      0.007    -0.009     0.005     -0.307         1.123       -1.430        0.816
           emb__hidden_size_bs_0064_hs_1200        0.639 0.003   0.636   0.643 0.003  [0.641 0.639 0.642 0.640 0.635]    3.754     0.886   -0.164     0.437  -0.000      0.006    -0.006     0.005     -0.064         0.893       -0.956        0.829
           emb__hidden_size_bs_0064_hs_1600        0.638 0.003   0.635   0.641 0.002  [0.636 0.640 0.641 0.636 0.639]    4.077     0.899   -0.573     0.291  -0.001      0.006    -0.007     0.004     -0.220         0.885       -1.105        0.665
           emb__hidden_size_bs_0064_hs_2400        0.640 0.003   0.637   0.643 0.002  [0.638 0.642 0.642 0.638 0.639]    4.457     0.912    0.000     0.500   0.000      0.006    -0.006     0.006      0.000         0.878       -0.878        0.878
           mles_embeddings                         0.640 0.006   0.634   0.646 0.005  [0.638 0.642 0.648 0.637 0.636]    1.000     0.500    0.000     0.500   0.000      0.007    -0.007     0.007      0.000         1.122       -1.122        1.122
                                            scores_test                                                                                                                                                                                             
                                                   mean  t_pm t_int_l t_int_h   std                           values t_f_stat t_f_alpha t_t_stat t_t_alpha t_delta t_delta_pm t_delta_l t_delta_h t_delta_pp t_delta_pm_pp t_delta_l_pp t_delta_h_pp
model_name feature_name                                                                                                                                                                                                                             
lgbm       emb__hidden_size_bs_0064_hs_0032       0.598 0.003   0.595   0.601 0.003  [0.598 0.594 0.601 0.599 0.597]    0.270     0.116  -31.151     0.000  -0.039      0.003    -0.042    -0.036     -6.164         0.456       -6.620       -5.707
           emb__hidden_size_bs_0064_hs_0064       0.606 0.005   0.601   0.611 0.004  [0.613 0.604 0.606 0.604 0.603]    0.105     0.025  -16.445     0.000  -0.031      0.004    -0.035    -0.027     -4.866         0.682       -5.548       -4.184
           emb__hidden_size_bs_0064_hs_0096       0.608 0.005   0.602   0.613 0.004  [0.614 0.605 0.605 0.604 0.609]    0.095     0.021  -14.921     0.000  -0.029      0.005    -0.034    -0.025     -4.615         0.713       -5.328       -3.902
           emb__hidden_size_bs_0064_hs_0160       0.621 0.009   0.612   0.630 0.007  [0.619 0.629 0.628 0.612 0.618]    0.032     0.003   -4.877     0.001  -0.016      0.008    -0.024    -0.008     -2.512         1.188       -3.699       -1.324
           emb__hidden_size_bs_0064_hs_0224       0.623 0.002   0.621   0.625 0.002  [0.621 0.621 0.622 0.625 0.624]    0.717     0.377  -15.937     0.000  -0.014      0.002    -0.016    -0.012     -2.250         0.326       -2.575       -1.924
           emb__hidden_size_bs_0064_hs_0480       0.642 0.004   0.638   0.646 0.003  [0.645 0.638 0.642 0.640 0.645]    0.187     0.067    3.278     0.994   0.005      0.003     0.001     0.008      0.753         0.530        0.223        1.284
           emb__hidden_size_bs_0064_hs_0800       0.638 0.003   0.634   0.641 0.003  [0.634 0.641 0.639 0.638 0.637]    0.233     0.094    0.499     0.684   0.001      0.003    -0.002     0.004      0.105         0.484       -0.379        0.588
           emb__hidden_size_bs_0064_hs_1200       0.643 0.008   0.635   0.651 0.007  [0.645 0.652 0.645 0.634 0.640]    0.040     0.004    2.088     0.965   0.006      0.007    -0.001     0.013      0.973         1.075       -0.102        2.048
           emb__hidden_size_bs_0064_hs_1600       0.642 0.004   0.638   0.647 0.003  [0.645 0.643 0.646 0.639 0.639]    0.145     0.044    3.229     0.994   0.005      0.004     0.002     0.009      0.827         0.590        0.236        1.417
           emb__hidden_size_bs_0064_hs_2400       0.638 0.008   0.630   0.646 0.006  [0.636 0.647 0.631 0.635 0.640]    0.044     0.005    0.305     0.616   0.001      0.007    -0.006     0.007      0.136         1.029       -0.893        1.165
           mles_embeddings                        0.637 0.002   0.635   0.639 0.001  [0.637 0.638 0.638 0.635 0.638]    1.000     0.500    0.000     0.500   0.000      0.002    -0.002     0.002      0.000         0.298       -0.298        0.298

------------------------------------------------------------------------------------------------------------------------
End of report.     Current time: 2021-02-22 08:42:50
------------------------------------------------------------------------------------------------------------------------
