------------------------------------------------------------------------------------------------------------------------
Vector testing report
Params:
    conf: "conf/embeddings_validation_semi_supervised.hocon"

Collected 126 files with 0 errors

------------------------------------------------------------------------------------------------------------------------
Metric: "accuracy"
                                 scores_train                                                             
                                         mean  t_pm t_int_l t_int_h   std                           values
model_name feature_name                                                                                   
lgbm       baseline_00337               1.000 0.000   1.000   1.000 0.000  [1.000 1.000 1.000 1.000 1.000]
           baseline_00675               1.000 0.000   1.000   1.000 0.000  [1.000 1.000 1.000 1.000 1.000]
           baseline_01350               1.000 0.000   1.000   1.000 0.000  [1.000 1.000 1.000 1.000 1.000]
           baseline_02700               1.000 0.000   1.000   1.000 0.000  [1.000 1.000 1.000 1.000 1.000]
           baseline_05400               1.000 0.000   1.000   1.000 0.000  [1.000 1.000 1.000 1.000 1.000]
           baseline_10800               1.000 0.000   1.000   1.000 0.000  [1.000 1.000 1.000 1.000 1.000]
           baseline_21600               0.996 0.000   0.996   0.997 0.000  [0.996 0.996 0.996 0.997 0.996]
           cpc_embeddings_00337         1.000 0.000   1.000   1.000 0.000  [1.000 1.000 1.000 1.000 1.000]
           cpc_embeddings_00675         1.000 0.000   1.000   1.000 0.000  [1.000 1.000 1.000 1.000 1.000]
           cpc_embeddings_01350         1.000 0.000   1.000   1.000 0.000  [1.000 1.000 1.000 1.000 1.000]
           cpc_embeddings_02700         1.000 0.000   1.000   1.000 0.000  [1.000 1.000 1.000 1.000 1.000]
           cpc_embeddings_05400         1.000 0.000   1.000   1.000 0.000  [1.000 1.000 1.000 1.000 1.000]
           cpc_embeddings_10800         1.000 0.000   1.000   1.000 0.000  [1.000 1.000 1.000 1.000 1.000]
           cpc_embeddings_21600         1.000 0.000   1.000   1.000 0.000  [1.000 1.000 1.000 1.000 1.000]
           mles_embeddings_00337        1.000 0.000   1.000   1.000 0.000  [1.000 1.000 1.000 1.000 1.000]
           mles_embeddings_00675        1.000 0.000   1.000   1.000 0.000  [1.000 1.000 1.000 1.000 1.000]
           mles_embeddings_01350        1.000 0.000   1.000   1.000 0.000  [1.000 1.000 1.000 1.000 1.000]
           mles_embeddings_02700        1.000 0.000   1.000   1.000 0.000  [1.000 1.000 1.000 1.000 1.000]
           mles_embeddings_05400        1.000 0.000   1.000   1.000 0.000  [1.000 1.000 1.000 1.000 1.000]
           mles_embeddings_10800        1.000 0.000   1.000   1.000 0.000  [1.000 1.000 1.000 1.000 1.000]
           mles_embeddings_21600        1.000 0.000   1.000   1.000 0.000  [1.000 1.000 1.000 1.000 1.000]
nn         cpc_finetuning_00337           NaN   NaN     NaN     NaN   NaN            [nan nan nan nan nan]
           cpc_finetuning_00675           NaN   NaN     NaN     NaN   NaN            [nan nan nan nan nan]
           cpc_finetuning_01350           NaN   NaN     NaN     NaN   NaN            [nan nan nan nan nan]
           cpc_finetuning_02700           NaN   NaN     NaN     NaN   NaN            [nan nan nan nan nan]
           cpc_finetuning_05400           NaN   NaN     NaN     NaN   NaN            [nan nan nan nan nan]
           cpc_finetuning_10800           NaN   NaN     NaN     NaN   NaN            [nan nan nan nan nan]
           cpc_finetuning_21600           NaN   NaN     NaN     NaN   NaN            [nan nan nan nan nan]
           mles_finetuning_00337          NaN   NaN     NaN     NaN   NaN            [nan nan nan nan nan]
           mles_finetuning_00675          NaN   NaN     NaN     NaN   NaN            [nan nan nan nan nan]
           mles_finetuning_01350          NaN   NaN     NaN     NaN   NaN            [nan nan nan nan nan]
           mles_finetuning_02700          NaN   NaN     NaN     NaN   NaN            [nan nan nan nan nan]
           mles_finetuning_05400          NaN   NaN     NaN     NaN   NaN            [nan nan nan nan nan]
           mles_finetuning_10800          NaN   NaN     NaN     NaN   NaN            [nan nan nan nan nan]
           mles_finetuning_21600          NaN   NaN     NaN     NaN   NaN            [nan nan nan nan nan]
           target_scores_00337            NaN   NaN     NaN     NaN   NaN            [nan nan nan nan nan]
           target_scores_00675            NaN   NaN     NaN     NaN   NaN            [nan nan nan nan nan]
           target_scores_01350            NaN   NaN     NaN     NaN   NaN            [nan nan nan nan nan]
           target_scores_02700            NaN   NaN     NaN     NaN   NaN            [nan nan nan nan nan]
           target_scores_05400            NaN   NaN     NaN     NaN   NaN            [nan nan nan nan nan]
           target_scores_10800            NaN   NaN     NaN     NaN   NaN            [nan nan nan nan nan]
           target_scores_21600            NaN   NaN     NaN     NaN   NaN            [nan nan nan nan nan]
                                 scores_valid                                                             
                                         mean  t_pm t_int_l t_int_h   std                           values
model_name feature_name                                                                                   
lgbm       baseline_00337               0.534 0.005   0.529   0.539 0.004  [0.531 0.540 0.531 0.533 0.537]
           baseline_00675               0.561 0.004   0.556   0.565 0.003  [0.556 0.564 0.559 0.564 0.560]
           baseline_01350               0.586 0.006   0.580   0.592 0.005  [0.592 0.583 0.581 0.589 0.584]
           baseline_02700               0.599 0.007   0.592   0.606 0.006  [0.598 0.602 0.603 0.604 0.590]
           baseline_05400               0.611 0.006   0.605   0.617 0.005  [0.609 0.615 0.614 0.613 0.604]
           baseline_10800               0.625 0.007   0.618   0.631 0.005  [0.626 0.633 0.624 0.619 0.622]
           baseline_21600               0.633 0.003   0.630   0.636 0.002  [0.631 0.635 0.637 0.633 0.631]
           cpc_embeddings_00337         0.507 0.012   0.495   0.519 0.009  [0.498 0.511 0.496 0.515 0.515]
           cpc_embeddings_00675         0.530 0.005   0.524   0.535 0.004  [0.529 0.536 0.527 0.525 0.531]
           cpc_embeddings_01350         0.548 0.010   0.538   0.558 0.008  [0.550 0.547 0.545 0.539 0.561]
           cpc_embeddings_02700         0.571 0.007   0.564   0.578 0.005  [0.571 0.567 0.565 0.573 0.579]
           cpc_embeddings_05400         0.583 0.006   0.577   0.590 0.005  [0.583 0.583 0.577 0.583 0.591]
           cpc_embeddings_10800         0.590 0.008   0.582   0.599 0.007  [0.589 0.588 0.589 0.584 0.602]
           cpc_embeddings_21600         0.602 0.004   0.597   0.606 0.004  [0.598 0.603 0.599 0.600 0.607]
           mles_embeddings_00337        0.563 0.011   0.553   0.574 0.009  [0.551 0.571 0.558 0.566 0.570]
           mles_embeddings_00675        0.584 0.004   0.579   0.588 0.003  [0.580 0.580 0.586 0.586 0.586]
           mles_embeddings_01350        0.599 0.008   0.591   0.607 0.006  [0.594 0.600 0.592 0.602 0.607]
           mles_embeddings_02700        0.611 0.007   0.605   0.618 0.005  [0.603 0.612 0.617 0.614 0.611]
           mles_embeddings_05400        0.621 0.010   0.612   0.631 0.008  [0.614 0.628 0.631 0.614 0.620]
           mles_embeddings_10800        0.632 0.007   0.625   0.640 0.006  [0.631 0.637 0.639 0.627 0.627]
           mles_embeddings_21600        0.640 0.006   0.634   0.646 0.005  [0.638 0.642 0.648 0.637 0.636]
nn         cpc_finetuning_00337         0.522 0.028   0.495   0.550 0.022  [0.483 0.540 0.530 0.528 0.531]
           cpc_finetuning_00675         0.554 0.010   0.544   0.564 0.008  [0.558 0.541 0.562 0.557 0.550]
           cpc_finetuning_01350         0.573 0.010   0.563   0.583 0.008  [0.579 0.561 0.569 0.582 0.575]
           cpc_finetuning_02700         0.591 0.005   0.585   0.596 0.004  [0.586 0.593 0.597 0.589 0.588]
           cpc_finetuning_05400         0.599 0.010   0.589   0.610 0.008  [0.585 0.603 0.606 0.603 0.601]
           cpc_finetuning_10800         0.605 0.008   0.597   0.613 0.006  [0.600 0.604 0.615 0.599 0.608]
           cpc_finetuning_21600         0.617 0.006   0.611   0.623 0.005  [0.614 0.623 0.615 0.612 0.621]
           mles_finetuning_00337        0.508 0.012   0.495   0.520 0.010  [0.510 0.500 0.495 0.519 0.514]
           mles_finetuning_00675        0.536 0.022   0.514   0.558 0.018  [0.548 0.554 0.509 0.529 0.540]
           mles_finetuning_01350        0.572 0.021   0.550   0.593 0.017  [0.576 0.573 0.542 0.582 0.585]
           mles_finetuning_02700        0.583 0.011   0.572   0.594 0.009  [0.572 0.595 0.581 0.580 0.587]
           mles_finetuning_05400        0.598 0.010   0.589   0.608 0.008  [0.588 0.603 0.603 0.593 0.606]
           mles_finetuning_10800        0.616 0.008   0.607   0.624 0.007  [0.609 0.621 0.609 0.623 0.617]
           mles_finetuning_21600        0.619 0.011   0.608   0.630 0.009  [0.604 0.622 0.626 0.619 0.624]
           target_scores_00337          0.478 0.020   0.458   0.498 0.016  [0.488 0.497 0.481 0.459 0.465]
           target_scores_00675          0.523 0.006   0.517   0.529 0.005  [0.520 0.530 0.525 0.524 0.517]
           target_scores_01350          0.560 0.012   0.548   0.572 0.010  [0.544 0.562 0.569 0.563 0.560]
           target_scores_02700          0.577 0.010   0.567   0.586 0.008  [0.564 0.576 0.581 0.585 0.578]
           target_scores_05400          0.589 0.010   0.579   0.598 0.008  [0.577 0.596 0.585 0.590 0.594]
           target_scores_10800          0.608 0.006   0.602   0.615 0.005  [0.600 0.610 0.614 0.611 0.608]
           target_scores_21600          0.620 0.007   0.612   0.627 0.006  [0.616 0.627 0.621 0.612 0.624]
                                 scores_test                                                             
                                        mean  t_pm t_int_l t_int_h   std                           values
model_name feature_name                                                                                  
lgbm       baseline_00337              0.525 0.012   0.513   0.536 0.010  [0.519 0.530 0.519 0.516 0.539]
           baseline_00675              0.557 0.006   0.551   0.564 0.005  [0.566 0.555 0.557 0.553 0.554]
           baseline_01350              0.579 0.006   0.574   0.585 0.005  [0.583 0.585 0.574 0.578 0.578]
           baseline_02700              0.591 0.004   0.587   0.595 0.003  [0.588 0.593 0.595 0.591 0.587]
           baseline_05400              0.598 0.006   0.592   0.605 0.005  [0.601 0.601 0.600 0.600 0.589]
           baseline_10800              0.618 0.005   0.613   0.623 0.004  [0.619 0.614 0.624 0.618 0.613]
           baseline_21600              0.629 0.006   0.623   0.635 0.005  [0.629 0.625 0.637 0.627 0.628]
           cpc_embeddings_00337        0.515 0.009   0.507   0.524 0.007  [0.526 0.513 0.507 0.515 0.517]
           cpc_embeddings_00675        0.534 0.010   0.523   0.544 0.008  [0.538 0.523 0.533 0.545 0.528]
           cpc_embeddings_01350        0.548 0.003   0.545   0.551 0.002  [0.550 0.544 0.549 0.549 0.547]
           cpc_embeddings_02700        0.567 0.008   0.560   0.575 0.006  [0.573 0.559 0.572 0.562 0.571]
           cpc_embeddings_05400        0.580 0.005   0.575   0.584 0.004  [0.583 0.577 0.582 0.582 0.575]
           cpc_embeddings_10800        0.586 0.005   0.581   0.592 0.004  [0.592 0.587 0.583 0.581 0.588]
           cpc_embeddings_21600        0.596 0.005   0.591   0.601 0.004  [0.597 0.603 0.596 0.594 0.593]
           mles_embeddings_00337       0.564 0.006   0.558   0.570 0.005  [0.560 0.572 0.562 0.567 0.560]
           mles_embeddings_00675       0.586 0.006   0.580   0.591 0.004  [0.583 0.588 0.584 0.592 0.581]
           mles_embeddings_01350       0.596 0.004   0.591   0.600 0.004  [0.595 0.596 0.591 0.597 0.601]
           mles_embeddings_02700       0.610 0.006   0.604   0.616 0.005  [0.607 0.607 0.606 0.618 0.611]
           mles_embeddings_05400       0.615 0.004   0.611   0.619 0.003  [0.617 0.617 0.617 0.614 0.610]
           mles_embeddings_10800       0.627 0.004   0.623   0.632 0.003  [0.629 0.622 0.630 0.626 0.630]
           mles_embeddings_21600       0.637 0.002   0.635   0.639 0.001  [0.637 0.638 0.638 0.635 0.638]
nn         cpc_finetuning_00337        0.520 0.022   0.498   0.542 0.018  [0.490 0.524 0.528 0.537 0.522]
           cpc_finetuning_00675        0.544 0.007   0.537   0.550 0.005  [0.550 0.536 0.542 0.546 0.544]
           cpc_finetuning_01350        0.563 0.006   0.557   0.569 0.005  [0.570 0.563 0.559 0.565 0.558]
           cpc_finetuning_02700        0.580 0.009   0.572   0.589 0.007  [0.587 0.577 0.586 0.571 0.581]
           cpc_finetuning_05400        0.590 0.014   0.577   0.604 0.011  [0.573 0.590 0.603 0.596 0.591]
           cpc_finetuning_10800        0.599 0.011   0.588   0.610 0.009  [0.602 0.585 0.609 0.600 0.598]
           cpc_finetuning_21600        0.610 0.008   0.602   0.617 0.006  [0.617 0.607 0.603 0.605 0.616]
           mles_finetuning_00337       0.509 0.016   0.494   0.525 0.013  [0.524 0.499 0.495 0.509 0.519]
           mles_finetuning_00675       0.540 0.025   0.515   0.566 0.020  [0.552 0.557 0.509 0.531 0.553]
           mles_finetuning_01350       0.567 0.019   0.548   0.586 0.015  [0.574 0.567 0.541 0.575 0.580]
           mles_finetuning_02700       0.586 0.019   0.567   0.605 0.015  [0.569 0.605 0.589 0.573 0.595]
           mles_finetuning_05400       0.597 0.012   0.585   0.608 0.009  [0.592 0.594 0.612 0.587 0.597]
           mles_finetuning_10800       0.617 0.006   0.612   0.623 0.005  [0.613 0.624 0.614 0.620 0.617]
           mles_finetuning_21600       0.621 0.005   0.616   0.626 0.004  [0.616 0.624 0.624 0.617 0.624]
           target_scores_00337         0.482 0.017   0.465   0.499 0.014  [0.492 0.500 0.477 0.470 0.470]
           target_scores_00675         0.520 0.008   0.512   0.527 0.006  [0.517 0.530 0.513 0.518 0.520]
           target_scores_01350         0.552 0.010   0.543   0.562 0.008  [0.540 0.557 0.560 0.550 0.554]
           target_scores_02700         0.578 0.009   0.570   0.587 0.007  [0.584 0.571 0.584 0.582 0.571]
           target_scores_05400         0.597 0.005   0.592   0.602 0.004  [0.601 0.598 0.591 0.599 0.596]
           target_scores_10800         0.611 0.008   0.603   0.619 0.007  [0.612 0.608 0.620 0.602 0.613]
           target_scores_21600         0.621 0.002   0.619   0.624 0.002  [0.621 0.621 0.619 0.624 0.621]

------------------------------------------------------------------------------------------------------------------------
End of report.     Current time: 2021-03-02 17:13:28
------------------------------------------------------------------------------------------------------------------------
