------------------------------------------------------------------------------------------------------------------------
Vector testing report
Params:
    conf: "conf/embeddings_validation_short_1639283203.hocon"

Collected 30 files with 0 errors

------------------------------------------------------------------------------------------------------------------------
Metric: "accuracy"
split_name                                                 scores_valid                                                                                                                                                                                             
                                                                   mean  t_pm t_int_l t_int_h   std                           values t_f_stat t_f_alpha t_t_stat t_t_alpha t_delta t_delta_pm t_delta_l t_delta_h t_delta_pp t_delta_pm_pp t_delta_l_pp t_delta_h_pp
model_name feature_name                                                                                                                                                                                                                                             
lgbm       emb__smpl_strategy_AllPositivePair                     0.622 0.006   0.616   0.628 0.005  [0.625 0.624 0.625 0.614 0.624]    1.246     0.582   -5.011     0.001  -0.016      0.007    -0.023    -0.009     -2.496         1.148       -3.644       -1.347
           emb__smpl_strategy_DistanceWeightedPair                0.625 0.004   0.620   0.629 0.004  [0.624 0.631 0.623 0.622 0.624]    2.157     0.763   -4.707     0.001  -0.013      0.007    -0.020    -0.007     -2.112         1.035       -3.147       -1.078
           emb__smpl_strategy_HardNegativePair_neg_count_2        0.639 0.002   0.637   0.640 0.001  [0.640 0.638 0.640 0.637 0.638]   14.940     0.989    0.197     0.576   0.000      0.006    -0.005     0.006      0.075         0.884       -0.808        0.959
           emb__smpl_strategy_HardNegativePair_neg_count_5        0.638 0.007   0.632   0.645 0.005  [0.634 0.639 0.647 0.634 0.637]    1.000     0.500    0.000     0.500   0.000      0.008    -0.008     0.008      0.000         1.210       -1.210        1.210
           emb__smpl_strategy_HardNegativePair_neg_count_9        0.640 0.006   0.634   0.646 0.005  [0.632 0.643 0.645 0.639 0.641]    1.134     0.547    0.616     0.722   0.002      0.007    -0.005     0.009      0.313         1.173       -0.860        1.487
           mles_embeddings                                        0.638 0.007   0.632   0.645 0.005  [0.634 0.639 0.647 0.634 0.637]    1.000     0.500    0.000     0.500   0.000      0.008    -0.008     0.008      0.000         1.210       -1.210        1.210
split_name                                                 scores_test                                                                                                                                                                                             
                                                                  mean  t_pm t_int_l t_int_h   std                           values t_f_stat t_f_alpha t_t_stat t_t_alpha t_delta t_delta_pm t_delta_l t_delta_h t_delta_pp t_delta_pm_pp t_delta_l_pp t_delta_h_pp
model_name feature_name                                                                                                                                                                                                                                            
lgbm       emb__smpl_strategy_AllPositivePair                    0.630 0.007   0.624   0.637 0.005  [0.636 0.634 0.629 0.630 0.622]    0.362     0.174   -3.686     0.003  -0.010      0.006    -0.017    -0.004     -1.603         1.003       -2.606       -0.600
           emb__smpl_strategy_DistanceWeightedPair               0.632 0.005   0.626   0.637 0.004  [0.632 0.627 0.629 0.631 0.638]    0.575     0.303   -3.759     0.003  -0.009      0.005    -0.014    -0.003     -1.395         0.856       -2.250       -0.539
           emb__smpl_strategy_HardNegativePair_neg_count_2       0.646 0.007   0.639   0.653 0.006  [0.645 0.646 0.639 0.645 0.655]    0.316     0.146    1.844     0.949   0.005      0.007    -0.001     0.012      0.843         1.055       -0.212        1.898
           emb__smpl_strategy_HardNegativePair_neg_count_5       0.640 0.004   0.636   0.644 0.003  [0.642 0.636 0.639 0.645 0.640]    1.000     0.500    0.000     0.500   0.000      0.005    -0.005     0.005      0.000         0.731       -0.731        0.731
           emb__smpl_strategy_HardNegativePair_neg_count_9       0.637 0.005   0.632   0.642 0.004  [0.633 0.634 0.639 0.637 0.643]    0.590     0.311   -1.358     0.106  -0.003      0.005    -0.009     0.002     -0.500         0.849       -1.348        0.349
           mles_embeddings                                       0.640 0.004   0.636   0.644 0.003  [0.642 0.636 0.639 0.645 0.640]    1.000     0.500    0.000     0.500   0.000      0.005    -0.005     0.005      0.000         0.731       -0.731        0.731

------------------------------------------------------------------------------------------------------------------------
End of report.     Current time: 2021-12-12 04:52:34
------------------------------------------------------------------------------------------------------------------------
