------------------------------------------------------------------------------------------------------------------------
Vector testing report
Params:
    conf: "conf/embeddings_validation_baselines_unsupervised.hocon"

Collected 45 files with 0 errors

------------------------------------------------------------------------------------------------------------------------
Metric: "accuracy"
                                   scores_valid
                                           mean  t_pm t_int_l t_int_h   std                           values t_f_stat t_f_alpha t_t_stat t_t_alpha t_delta t_delta_pm t_delta_l t_delta_h t_delta_pp t_delta_pm_pp t_delta_l_pp t_delta_h_pp
model_name feature_name
lgbm       barlow_twins_embeddings        0.630 0.009   0.621   0.638 0.007  [0.624 0.637 0.636 0.621 0.630]    0.062     0.010   -0.984     0.177  -0.003      0.007    -0.011     0.004     -0.497         1.165       -1.662        0.668
           baseline                       0.633 0.002   0.631   0.635 0.002  [0.631 0.635 0.635 0.633 0.631]    1.000     0.500    0.000     0.500   0.000      0.003    -0.003     0.003      0.000         0.397       -0.397        0.397
           cpc_embeddings                 0.598 0.007   0.591   0.605 0.006  [0.591 0.603 0.601 0.593 0.603]    0.093     0.020  -13.208     0.000  -0.035      0.006    -0.041    -0.029     -5.512         0.962       -6.474       -4.550
           mles2_embeddings               0.639 0.003   0.636   0.642 0.003  [0.635 0.642 0.639 0.638 0.641]    0.404     0.201    4.281     0.999   0.006      0.003     0.003     0.009      0.971         0.523        0.448        1.495
           mles_embeddings                0.640 0.002   0.638   0.642 0.002  [0.639 0.641 0.643 0.639 0.640]    1.158     0.555    6.904     1.000   0.007      0.002     0.005     0.010      1.147         0.383        0.764        1.530
           nsp_embeddings                 0.626 0.003   0.623   0.629 0.003  [0.626 0.627 0.629 0.621 0.628]    0.388     0.191   -4.781     0.001  -0.007      0.003    -0.010    -0.004     -1.100         0.531       -1.631       -0.569
           random_encoder                 0.386 0.005   0.381   0.391 0.004  [0.387 0.382 0.388 0.391 0.381]    0.185     0.066 -126.880     0.000  -0.247      0.004    -0.252    -0.243    -39.064         0.710      -39.774      -38.354
           rtd_embeddings                 0.634 0.010   0.624   0.644 0.008  [0.632 0.646 0.636 0.628 0.626]    0.046     0.006    0.211     0.581   0.001      0.008    -0.008     0.009      0.123         1.341       -1.218        1.463
           sop_embeddings                 0.552 0.002   0.550   0.554 0.002  [0.551 0.551 0.555 0.552 0.551]    1.109     0.539  -76.362     0.000  -0.081      0.002    -0.084    -0.079    -12.815         0.387      -13.201      -12.428
                                   scores_test
                                          mean  t_pm t_int_l t_int_h   std                           values t_f_stat t_f_alpha t_t_stat t_t_alpha t_delta t_delta_pm t_delta_l t_delta_h t_delta_pp t_delta_pm_pp t_delta_l_pp t_delta_h_pp
model_name feature_name
lgbm       barlow_twins_embeddings       0.625 0.003   0.621   0.628 0.003  [0.625 0.627 0.623 0.627 0.621]    3.157     0.854   -1.899     0.047  -0.005      0.006    -0.010     0.001     -0.721         0.875       -1.596        0.155
           baseline                      0.629 0.006   0.623   0.635 0.005  [0.629 0.625 0.637 0.627 0.628]    1.000     0.500    0.000     0.500   0.000      0.007    -0.007     0.007      0.000         1.079       -1.079        1.079
           cpc_embeddings                0.595 0.006   0.589   0.601 0.005  [0.599 0.592 0.593 0.601 0.590]    0.990     0.496  -11.616     0.000  -0.034      0.007    -0.041    -0.027     -5.447         1.081       -6.528       -4.365
           mles2_embeddings              0.639 0.004   0.635   0.643 0.003  [0.634 0.641 0.642 0.638 0.640]    2.520     0.804    3.958     0.998   0.010      0.006     0.004     0.015      1.547         0.901        0.646        2.448
           mles_embeddings               0.640 0.004   0.636   0.644 0.003  [0.640 0.639 0.642 0.636 0.643]    2.573     0.809    4.405     0.999   0.011      0.006     0.005     0.016      1.717         0.899        0.818        2.615
           nsp_embeddings                0.621 0.006   0.615   0.626 0.005  [0.622 0.614 0.626 0.623 0.619]    1.011     0.504   -2.863     0.011  -0.008      0.007    -0.015    -0.002     -1.335         1.076       -2.411       -0.260
           random_encoder                0.377 0.010   0.367   0.387 0.008  [0.372 0.385 0.380 0.365 0.383]    0.336     0.158  -60.763     0.000  -0.252      0.010    -0.262    -0.243    -40.076         1.521      -41.597      -38.555
           rtd_embeddings                0.632 0.006   0.626   0.639 0.005  [0.635 0.640 0.628 0.628 0.630]    0.828     0.430    0.992     0.825   0.003      0.007    -0.004     0.010      0.487         1.133       -0.646        1.621
           sop_embeddings                0.551 0.010   0.541   0.561 0.008  [0.556 0.557 0.545 0.540 0.557]    0.335     0.158  -18.772     0.000  -0.078      0.010    -0.088    -0.068    -12.387         1.522      -13.909      -10.866

------------------------------------------------------------------------------------------------------------------------
End of report.     Current time: 2021-05-31 07:16:39
------------------------------------------------------------------------------------------------------------------------
