------------------------------------------------------------------------------------------------------------------------
Vector testing report
Params:
    conf: "conf/embeddings_validation_baselines_supervised.hocon"

Collected 5 files with 0 errors

------------------------------------------------------------------------------------------------------------------------
Metric: "accuracy"
                                   scores_valid                                                                                                                                                                                             
                                           mean  t_pm t_int_l t_int_h   std                           values t_f_stat t_f_alpha t_t_stat t_t_alpha t_delta t_delta_pm t_delta_l t_delta_h t_delta_pp t_delta_pm_pp t_delta_l_pp t_delta_h_pp
model_name feature_name                                                                                                                                                                                                                     
nn         barlow_twins_finetuning        0.605 0.005   0.600   0.610 0.004  [0.598 0.608 0.606 0.603 0.608]    1.654     0.681   -2.566     0.017  -0.008      0.007    -0.015    -0.001     -1.268         1.139       -2.407       -0.128
           cpc_finetuning                 0.604 0.004   0.600   0.609 0.004  [0.600 0.608 0.607 0.601 0.605]    2.252     0.775   -2.868     0.010  -0.008      0.007    -0.015    -0.002     -1.344         1.081       -2.425       -0.263
           mles_finetuning                0.603 0.005   0.598   0.608 0.004  [0.605 0.601 0.605 0.607 0.597]    1.940     0.732   -3.161     0.007  -0.009      0.007    -0.016    -0.003     -1.518         1.107       -2.625       -0.411
           rtd_finetuning                 0.596 0.005   0.591   0.601 0.004  [0.594 0.602 0.598 0.593 0.593]    1.930     0.730   -5.594     0.000  -0.016      0.007    -0.023    -0.010     -2.688         1.108       -3.797       -1.580
           target_scores                  0.612 0.007   0.606   0.619 0.005  [0.604 0.614 0.613 0.614 0.618]    1.000     0.500    0.000     0.500   0.000      0.008    -0.008     0.008      0.000         1.272       -1.272        1.272
                                   scores_test                                                                                                                                                                                             
                                          mean  t_pm t_int_l t_int_h   std                           values t_f_stat t_f_alpha t_t_stat t_t_alpha t_delta t_delta_pm t_delta_l t_delta_h t_delta_pp t_delta_pm_pp t_delta_l_pp t_delta_h_pp
model_name feature_name                                                                                                                                                                                                                    
nn         barlow_twins_finetuning       0.623 0.010   0.613   0.634 0.008  [0.631 0.611 0.628 0.627 0.620]    1.158     0.555   -0.337     0.372  -0.002      0.012    -0.014     0.011     -0.288         1.969       -2.257        1.681
           cpc_finetuning                0.611 0.007   0.604   0.618 0.006  [0.601 0.610 0.616 0.615 0.613]    2.151     0.762   -3.014     0.008  -0.014      0.011    -0.025    -0.003     -2.282         1.746       -4.027       -0.536
           mles_finetuning               0.618 0.011   0.607   0.628 0.008  [0.621 0.615 0.613 0.631 0.609]    1.060     0.522   -1.357     0.106  -0.007      0.013    -0.020     0.005     -1.183         2.011       -3.194        0.827
           rtd_finetuning                0.591 0.007   0.584   0.598 0.006  [0.593 0.599 0.587 0.592 0.583]    2.186     0.766   -7.286     0.000  -0.034      0.011    -0.045    -0.024     -5.502         1.741       -7.243       -3.760
           target_scores                 0.625 0.011   0.614   0.636 0.009  [0.632 0.634 0.612 0.622 0.627]    1.000     0.500    0.000     0.500   0.000      0.013    -0.013     0.013      0.000         2.040       -2.040        2.040

------------------------------------------------------------------------------------------------------------------------
End of report.     Current time: 2021-05-31 07:42:17
------------------------------------------------------------------------------------------------------------------------
