------------------------------------------------------------------------------------------------------------------------
Vector testing report
Params:
    conf: "conf/embeddings_validation_short_1614847989.hocon"

Collected 20 files with 0 errors

------------------------------------------------------------------------------------------------------------------------
Metric: "accuracy"
                                           scores_valid                                                                                                                                                                                             
                                                   mean  t_pm t_int_l t_int_h   std                           values t_f_stat t_f_alpha t_t_stat t_t_alpha t_delta t_delta_pm t_delta_l t_delta_h t_delta_pp t_delta_pm_pp t_delta_l_pp t_delta_h_pp
model_name feature_name                                                                                                                                                                                                                             
lgbm       emb__cosine_annealing                  0.633 0.008   0.626   0.641 0.006  [0.630 0.634 0.644 0.629 0.629]    0.631     0.333   -1.853     0.051  -0.007      0.008    -0.015     0.002     -1.025         1.275       -2.300        0.251
           emb__reduce_on_plateau                 0.634 0.006   0.628   0.640 0.005  [0.628 0.639 0.638 0.632 0.634]    1.196     0.567   -1.937     0.044  -0.006      0.007    -0.013     0.001     -0.903         1.075       -1.978        0.172
           emb__reduce_on_plateau_x2epochs        0.635 0.002   0.633   0.637 0.002  [0.633 0.633 0.636 0.634 0.636]    8.966     0.972   -2.186     0.030  -0.005      0.005    -0.010     0.000     -0.793         0.836       -1.630        0.043
           mles_embeddings                        0.640 0.006   0.634   0.646 0.005  [0.638 0.642 0.648 0.637 0.636]    1.000     0.500    0.000     0.500   0.000      0.007    -0.007     0.007      0.000         1.122       -1.122        1.122
                                           scores_test                                                                                                                                                                                             
                                                  mean  t_pm t_int_l t_int_h   std                           values t_f_stat t_f_alpha t_t_stat t_t_alpha t_delta t_delta_pm t_delta_l t_delta_h t_delta_pp t_delta_pm_pp t_delta_l_pp t_delta_h_pp
model_name feature_name                                                                                                                                                                                                                            
lgbm       emb__cosine_annealing                 0.635 0.005   0.630   0.640 0.004  [0.632 0.638 0.630 0.639 0.636]    0.105     0.025   -1.097     0.152  -0.002      0.004    -0.006     0.002     -0.324         0.682       -1.006        0.357
           emb__reduce_on_plateau                0.634 0.004   0.630   0.638 0.003  [0.638 0.635 0.635 0.631 0.631]    0.162     0.053   -2.099     0.035  -0.003      0.004    -0.007     0.000     -0.513         0.563       -1.076        0.051
           emb__reduce_on_plateau_x2epochs       0.636 0.004   0.632   0.640 0.003  [0.635 0.634 0.637 0.633 0.641]    0.189     0.068   -0.824     0.217  -0.001      0.003    -0.005     0.002     -0.188         0.527       -0.716        0.339
           mles_embeddings                       0.637 0.002   0.635   0.639 0.001  [0.637 0.638 0.638 0.635 0.638]    1.000     0.500    0.000     0.500   0.000      0.002    -0.002     0.002      0.000         0.298       -0.298        0.298

------------------------------------------------------------------------------------------------------------------------
End of report.     Current time: 2021-03-04 09:07:52
------------------------------------------------------------------------------------------------------------------------
