------------------------------------------------------------------------------------------------------------------------
Vector testing report
Params:
    conf: "conf/embeddings_validation_short_1639183577.hocon"

Collected 40 files with 0 errors

------------------------------------------------------------------------------------------------------------------------
Metric: "accuracy"
split_name                                  scores_valid                                                                                                                                                                                             
                                                    mean  t_pm t_int_l t_int_h   std                           values t_f_stat t_f_alpha t_t_stat t_t_alpha t_delta t_delta_pm t_delta_l t_delta_h t_delta_pp t_delta_pm_pp t_delta_l_pp t_delta_h_pp
model_name feature_name                                                                                                                                                                                                                              
lgbm       emb__loss_binomialdeviance              0.621 0.010   0.611   0.630 0.008  [0.618 0.624 0.623 0.609 0.630]    0.447     0.227   -4.121     0.002  -0.018      0.010    -0.027    -0.008     -2.751         1.539       -4.290       -1.211
           emb__loss_contrastive_margin_0.5        0.638 0.007   0.632   0.645 0.005  [0.634 0.639 0.647 0.634 0.637]    1.000     0.500    0.000     0.500   0.000      0.008    -0.008     0.008      0.000         1.210       -1.210        1.210
           emb__loss_contrastive_margin_1.0        0.640 0.004   0.635   0.644 0.003  [0.637 0.639 0.645 0.638 0.639]    2.608     0.812    0.492     0.682   0.001      0.006    -0.005     0.008      0.215         1.006       -0.791        1.221
           emb__loss_histogramloss                 0.631 0.006   0.625   0.637 0.005  [0.625 0.634 0.633 0.627 0.636]    1.127     0.545   -2.255     0.027  -0.007      0.008    -0.015     0.000     -1.149         1.175       -2.324        0.026
           emb__loss_margin_0.2_beta_0.4           0.632 0.002   0.631   0.634 0.001  [0.631 0.633 0.634 0.632 0.632]   18.282     0.992   -2.437     0.020  -0.006      0.006    -0.012    -0.000     -0.929         0.879       -1.807       -0.050
           emb__loss_margin_0.3_beta_0.6           0.636 0.003   0.633   0.640 0.003  [0.637 0.641 0.636 0.634 0.635]    3.608     0.879   -0.637     0.271  -0.002      0.006    -0.008     0.004     -0.267         0.967       -1.234        0.700
           emb__loss_triplet                       0.637 0.002   0.635   0.639 0.002  [0.635 0.637 0.640 0.637 0.636]    8.816     0.971   -0.474     0.324  -0.001      0.006    -0.007     0.005     -0.186         0.903       -1.088        0.717
           mles_embeddings                         0.638 0.007   0.632   0.645 0.005  [0.634 0.639 0.647 0.634 0.637]    1.000     0.500    0.000     0.500   0.000      0.008    -0.008     0.008      0.000         1.210       -1.210        1.210
split_name                                  scores_test                                                                                                                                                                                             
                                                   mean  t_pm t_int_l t_int_h   std                           values t_f_stat t_f_alpha t_t_stat t_t_alpha t_delta t_delta_pm t_delta_l t_delta_h t_delta_pp t_delta_pm_pp t_delta_l_pp t_delta_h_pp
model_name feature_name                                                                                                                                                                                                                             
lgbm       emb__loss_binomialdeviance             0.611 0.003   0.608   0.615 0.003  [0.608 0.610 0.615 0.612 0.612]    1.552     0.660  -15.748     0.000  -0.029      0.004    -0.033    -0.025     -4.528         0.663       -5.191       -3.865
           emb__loss_contrastive_margin_0.5       0.640 0.004   0.636   0.644 0.003  [0.642 0.636 0.639 0.645 0.640]    1.000     0.500    0.000     0.500   0.000      0.005    -0.005     0.005      0.000         0.731       -0.731        0.731
           emb__loss_contrastive_margin_1.0       0.636 0.004   0.631   0.640 0.003  [0.637 0.640 0.630 0.635 0.636]    0.851     0.440   -2.267     0.027  -0.005      0.005    -0.010     0.000     -0.749         0.762       -1.512        0.013
           emb__loss_histogramloss                0.626 0.003   0.622   0.629 0.003  [0.623 0.627 0.630 0.625 0.624]    1.443     0.635   -7.850     0.000  -0.015      0.004    -0.019    -0.010     -2.290         0.673       -2.963       -1.617
           emb__loss_margin_0.2_beta_0.4          0.639 0.004   0.635   0.643 0.003  [0.641 0.636 0.637 0.639 0.643]    1.210     0.571   -0.721     0.246  -0.001      0.004    -0.006     0.003     -0.219         0.699       -0.917        0.480
           emb__loss_margin_0.3_beta_0.6          0.638 0.004   0.634   0.642 0.004  [0.640 0.636 0.633 0.640 0.641]    0.834     0.432   -1.096     0.153  -0.002      0.005    -0.007     0.003     -0.364         0.767       -1.131        0.402
           emb__loss_triplet                      0.642 0.004   0.638   0.647 0.004  [0.640 0.642 0.641 0.641 0.649]    0.800     0.417    0.867     0.794   0.002      0.005    -0.003     0.007      0.291         0.776       -0.484        1.067
           mles_embeddings                        0.640 0.004   0.636   0.644 0.003  [0.642 0.636 0.639 0.645 0.640]    1.000     0.500    0.000     0.500   0.000      0.005    -0.005     0.005      0.000         0.731       -0.731        0.731

------------------------------------------------------------------------------------------------------------------------
End of report.     Current time: 2021-12-11 01:23:33
------------------------------------------------------------------------------------------------------------------------
