------------------------------------------------------------------------------------------------------------------------
Vector testing report
Params:
    conf: "conf/embeddings_validation_short_1614887694.hocon"

Collected 50 files with 0 errors

------------------------------------------------------------------------------------------------------------------------
Metric: "accuracy"
                                               scores_valid                                                                                                                                                                                             
                                                       mean  t_pm t_int_l t_int_h   std                           values t_f_stat t_f_alpha t_t_stat t_t_alpha t_delta t_delta_pm t_delta_l t_delta_h t_delta_pp t_delta_pm_pp t_delta_l_pp t_delta_h_pp
model_name feature_name                                                                                                                                                                                                                                 
lgbm       emb__projection_head_rnn0400_prh064        0.635 0.007   0.628   0.642 0.006  [0.634 0.639 0.643 0.632 0.627]    0.689     0.363   -1.429     0.095  -0.005      0.008    -0.013     0.003     -0.770         1.242       -2.012        0.472
           emb__projection_head_rnn0400_prh128        0.636 0.004   0.631   0.640 0.004  [0.634 0.634 0.642 0.634 0.633]    1.933     0.731   -1.571     0.077  -0.004      0.006    -0.011     0.002     -0.666         0.977       -1.643        0.312
           emb__projection_head_rnn0400_prh256        0.634 0.005   0.629   0.639 0.004  [0.630 0.635 0.639 0.636 0.629]    1.432     0.632   -2.040     0.038  -0.006      0.007    -0.012     0.001     -0.915         1.034       -1.949        0.119
           emb__projection_head_rnn0800_prh064        0.635 0.007   0.628   0.642 0.006  [0.631 0.638 0.642 0.628 0.636]    0.788     0.411   -1.474     0.089  -0.005      0.008    -0.013     0.003     -0.764         1.195       -1.959        0.431
           emb__projection_head_rnn0800_prh128        0.533 0.004   0.529   0.538 0.003  [0.528 0.537 0.536 0.533 0.533]    2.003     0.741  -39.451     0.000  -0.106      0.006    -0.113    -0.100    -16.619         0.971      -17.591      -15.648
           emb__projection_head_rnn0800_prh256        0.633 0.005   0.628   0.637 0.004  [0.632 0.634 0.634 0.627 0.636]    1.768     0.703   -2.622     0.015  -0.007      0.006    -0.014    -0.001     -1.129         0.993       -2.121       -0.136
           emb__projection_head_rnn1600_prh064        0.605 0.004   0.601   0.608 0.003  [0.606 0.608 0.605 0.599 0.605]    2.553     0.807  -13.535     0.000  -0.035      0.006    -0.041    -0.029     -5.493         0.936       -6.429       -4.558
           emb__projection_head_rnn1600_prh128        0.636 0.005   0.631   0.641 0.004  [0.631 0.637 0.633 0.640 0.639]    1.720     0.694   -1.391     0.101  -0.004      0.006    -0.010     0.003     -0.602         0.998       -1.600        0.396
           emb__projection_head_rnn1600_prh256        0.637 0.005   0.632   0.643 0.004  [0.635 0.635 0.642 0.642 0.633]    1.393     0.622   -0.847     0.211  -0.002      0.007    -0.009     0.004     -0.382         1.040       -1.422        0.658
           mles_embeddings                            0.640 0.006   0.634   0.646 0.005  [0.638 0.642 0.648 0.637 0.636]    1.000     0.500    0.000     0.500   0.000      0.007    -0.007     0.007      0.000         1.122       -1.122        1.122
                                               scores_test                                                                                                                                                                                             
                                                      mean  t_pm t_int_l t_int_h   std                           values t_f_stat t_f_alpha t_t_stat t_t_alpha t_delta t_delta_pm t_delta_l t_delta_h t_delta_pp t_delta_pm_pp t_delta_l_pp t_delta_h_pp
model_name feature_name                                                                                                                                                                                                                                
lgbm       emb__projection_head_rnn0400_prh064       0.633 0.008   0.626   0.641 0.006  [0.639 0.632 0.624 0.638 0.636]    0.045     0.005   -1.291     0.116  -0.004      0.006    -0.010     0.003     -0.565         1.009       -1.575        0.444
           emb__projection_head_rnn0400_prh128       0.635 0.004   0.630   0.639 0.004  [0.633 0.631 0.634 0.634 0.641]    0.132     0.038   -1.488     0.088  -0.003      0.004    -0.006     0.001     -0.398         0.616       -1.014        0.219
           emb__projection_head_rnn0400_prh256       0.635 0.005   0.630   0.640 0.004  [0.634 0.638 0.629 0.633 0.639]    0.105     0.025   -1.274     0.119  -0.002      0.004    -0.007     0.002     -0.377         0.682       -1.059        0.305
           emb__projection_head_rnn0800_prh064       0.643 0.003   0.640   0.646 0.002  [0.644 0.646 0.645 0.639 0.643]    0.290     0.129    5.109     1.000   0.006      0.003     0.003     0.009      0.984         0.444        0.540        1.428
           emb__projection_head_rnn0800_prh128       0.527 0.007   0.520   0.534 0.006  [0.533 0.524 0.526 0.520 0.533]    0.053     0.007  -42.321     0.000  -0.110      0.006    -0.116    -0.104    -17.235         0.939      -18.174      -16.296
           emb__projection_head_rnn0800_prh256       0.632 0.006   0.625   0.638 0.005  [0.628 0.629 0.634 0.627 0.639]    0.069     0.012   -2.383     0.022  -0.005      0.005    -0.011    -0.000     -0.858         0.831       -1.689       -0.028
           emb__projection_head_rnn1600_prh064       0.606 0.008   0.598   0.614 0.006  [0.606 0.613 0.598 0.602 0.611]    0.044     0.005  -10.975     0.000  -0.031      0.006    -0.037    -0.024     -4.856         1.020       -5.876       -3.835
           emb__projection_head_rnn1600_prh128       0.633 0.007   0.626   0.641 0.006  [0.639 0.638 0.636 0.625 0.630]    0.049     0.006   -1.367     0.104  -0.004      0.006    -0.010     0.003     -0.576         0.971       -1.547        0.396
           emb__projection_head_rnn1600_prh256       0.637 0.004   0.633   0.641 0.003  [0.637 0.640 0.632 0.637 0.639]    0.179     0.062   -0.089     0.465  -0.000      0.003    -0.004     0.003     -0.021         0.539       -0.560        0.518
           mles_embeddings                           0.637 0.002   0.635   0.639 0.001  [0.637 0.638 0.638 0.635 0.638]    1.000     0.500    0.000     0.500   0.000      0.002    -0.002     0.002      0.000         0.298       -0.298        0.298

------------------------------------------------------------------------------------------------------------------------
End of report.     Current time: 2021-03-04 22:16:52
------------------------------------------------------------------------------------------------------------------------
