------------------------------------------------------------------------------------------------------------------------
Vector testing report
Params:
    conf: "conf/embeddings_validation_short_1640842379.hocon"

Collected 25 files with 0 errors

------------------------------------------------------------------------------------------------------------------------
Metric: "accuracy"
split_name                                scores_valid                                                                                                                                                                                             
                                                  mean  t_pm t_int_l t_int_h   std                           values t_f_stat t_f_alpha t_t_stat t_t_alpha t_delta t_delta_pm t_delta_l t_delta_h t_delta_pp t_delta_pm_pp t_delta_l_pp t_delta_h_pp
model_name feature_name                                                                                                                                                                                                                            
lgbm       emb_mles__hidden_size__hs_0064        0.521 0.003   0.519   0.524 0.002  [0.521 0.519 0.523 0.520 0.524]    1.440     0.634  -14.190     0.000  -0.020      0.003    -0.023    -0.017     -3.732         0.606       -4.338       -3.125
           emb_mles__hidden_size__hs_0160        0.532 0.002   0.529   0.534 0.002  [0.532 0.529 0.534 0.531 0.532]    1.797     0.708   -7.225     0.000  -0.010      0.003    -0.013    -0.007     -1.821         0.581       -2.402       -1.240
           emb_mles__hidden_size__hs_0480        0.541 0.002   0.539   0.542 0.001  [0.541 0.539 0.541 0.540 0.542]    3.358     0.866   -0.698     0.253  -0.001      0.003    -0.004     0.002     -0.161         0.531       -0.691        0.370
           emb_mles__hidden_size__hs_0800        0.542 0.003   0.538   0.545 0.002  [0.540 0.538 0.544 0.541 0.544]    1.000     0.500    0.000     0.500   0.000      0.004    -0.004     0.004      0.000         0.659       -0.659        0.659
           mles_embeddings                       0.542 0.003   0.538   0.545 0.002  [0.540 0.538 0.544 0.541 0.544]    1.000     0.500    0.000     0.500   0.000      0.004    -0.004     0.004      0.000         0.659       -0.659        0.659
split_name                                scores_test                                                                                                                                                                                             
                                                 mean  t_pm t_int_l t_int_h   std                           values t_f_stat t_f_alpha t_t_stat t_t_alpha t_delta t_delta_pm t_delta_l t_delta_h t_delta_pp t_delta_pm_pp t_delta_l_pp t_delta_h_pp
model_name feature_name                                                                                                                                                                                                                           
lgbm       emb_mles__hidden_size__hs_0064       0.521 0.002   0.519   0.522 0.001  [0.521 0.520 0.522 0.520 0.521]    1.251     0.583  -22.200     0.000  -0.018      0.002    -0.020    -0.016     -3.374         0.350       -3.724       -3.023
           emb_mles__hidden_size__hs_0160       0.532 0.001   0.531   0.532 0.001  [0.531 0.532 0.533 0.531 0.531]    4.357     0.908  -10.735     0.000  -0.007      0.002    -0.009    -0.006     -1.349         0.290       -1.638       -1.059
           emb_mles__hidden_size__hs_0480       0.538 0.001   0.537   0.540 0.001  [0.539 0.539 0.539 0.537 0.538]    2.094     0.754   -0.669     0.261  -0.000      0.002    -0.002     0.001     -0.092         0.318       -0.410        0.225
           emb_mles__hidden_size__hs_0800       0.539 0.002   0.537   0.541 0.001  [0.540 0.539 0.539 0.537 0.540]    1.000     0.500    0.000     0.500   0.000      0.002    -0.002     0.002      0.000         0.369       -0.369        0.369
           mles_embeddings                      0.539 0.002   0.537   0.541 0.001  [0.540 0.539 0.539 0.537 0.540]    1.000     0.500    0.000     0.500   0.000      0.002    -0.002     0.002      0.000         0.369       -0.369        0.369

------------------------------------------------------------------------------------------------------------------------
End of report.     Current time: 2021-12-30 05:33:02
------------------------------------------------------------------------------------------------------------------------
