------------------------------------------------------------------------------------------------------------------------
Vector testing report
Params:
    conf: "conf/embeddings_validation_short_1640313508.hocon"

Collected 40 files with 0 errors

------------------------------------------------------------------------------------------------------------------------
Metric: "accuracy"
split_name                                       scores_valid                                                                                                                                                                                             
                                                         mean  t_pm t_int_l t_int_h   std                           values t_f_stat t_f_alpha t_t_stat t_t_alpha t_delta t_delta_pm t_delta_l t_delta_h t_delta_pp t_delta_pm_pp t_delta_l_pp t_delta_h_pp
model_name feature_name                                                                                                                                                                                                                                   
lgbm       emb_mles__loss_binomialdeviance              0.536 0.003   0.533   0.539 0.003  [0.535 0.532 0.537 0.537 0.539]    0.892     0.457   -3.338     0.005  -0.005      0.004    -0.009    -0.002     -0.982         0.678       -1.661       -0.304
           emb_mles__loss_contrastive_margin_0.5        0.542 0.003   0.538   0.545 0.002  [0.540 0.538 0.544 0.541 0.544]    1.000     0.500    0.000     0.500   0.000      0.004    -0.004     0.004      0.000         0.659       -0.659        0.659
           emb_mles__loss_contrastive_margin_1.0        0.540 0.002   0.538   0.543 0.002  [0.539 0.537 0.541 0.542 0.542]    1.553     0.660   -0.946     0.186  -0.001      0.003    -0.005     0.002     -0.245         0.597       -0.842        0.352
           emb_mles__loss_histogramloss                 0.530 0.002   0.528   0.533 0.002  [0.527 0.530 0.531 0.532 0.532]    1.526     0.654   -7.922     0.000  -0.011      0.003    -0.014    -0.008     -2.059         0.599       -2.659       -1.460
           emb_mles__loss_margin_0.2_beta_0.4           0.541 0.002   0.539   0.543 0.002  [0.541 0.539 0.542 0.542 0.543]    2.416     0.793   -0.317     0.380  -0.000      0.003    -0.003     0.003     -0.076         0.554       -0.630        0.478
           emb_mles__loss_margin_0.3_beta_0.6           0.541 0.002   0.539   0.543 0.002  [0.540 0.540 0.543 0.540 0.543]    2.264     0.776   -0.259     0.401  -0.000      0.003    -0.003     0.003     -0.063         0.559       -0.622        0.497
           emb_mles__loss_triplet                       0.539 0.003   0.537   0.542 0.002  [0.539 0.536 0.539 0.541 0.541]    1.332     0.606   -1.537     0.081  -0.002      0.003    -0.006     0.001     -0.411         0.616       -1.027        0.206
           mles_embeddings                              0.542 0.003   0.538   0.545 0.002  [0.540 0.538 0.544 0.541 0.544]    1.000     0.500    0.000     0.500   0.000      0.004    -0.004     0.004      0.000         0.659       -0.659        0.659
split_name                                       scores_test                                                                                                                                                                                             
                                                        mean  t_pm t_int_l t_int_h   std                           values t_f_stat t_f_alpha t_t_stat t_t_alpha t_delta t_delta_pm t_delta_l t_delta_h t_delta_pp t_delta_pm_pp t_delta_l_pp t_delta_h_pp
model_name feature_name                                                                                                                                                                                                                                  
lgbm       emb_mles__loss_binomialdeviance             0.535 0.001   0.533   0.536 0.001  [0.533 0.534 0.535 0.535 0.535]    2.079     0.752   -5.974     0.000  -0.004      0.002    -0.006    -0.003     -0.824         0.318       -1.142       -0.506
           emb_mles__loss_contrastive_margin_0.5       0.539 0.002   0.537   0.541 0.001  [0.540 0.539 0.539 0.537 0.540]    1.000     0.500    0.000     0.500   0.000      0.002    -0.002     0.002      0.000         0.369       -0.369        0.369
           emb_mles__loss_contrastive_margin_1.0       0.540 0.001   0.539   0.541 0.001  [0.540 0.541 0.541 0.539 0.538]    1.373     0.617    1.294     0.884   0.001      0.002    -0.001     0.003      0.193         0.343       -0.151        0.536
           emb_mles__loss_histogramloss                0.530 0.002   0.528   0.532 0.002  [0.528 0.532 0.531 0.530 0.531]    0.749     0.393   -9.549     0.000  -0.009      0.002    -0.011    -0.007     -1.653         0.399       -2.052       -1.254
           emb_mles__loss_margin_0.2_beta_0.4          0.539 0.002   0.537   0.540 0.001  [0.538 0.537 0.540 0.540 0.539]    1.133     0.547   -0.216     0.417  -0.000      0.002    -0.002     0.002     -0.034         0.358       -0.392        0.325
           emb_mles__loss_margin_0.3_beta_0.6          0.540 0.001   0.539   0.541 0.001  [0.541 0.539 0.540 0.540 0.541]    2.187     0.766    1.749     0.941   0.001      0.002    -0.000     0.003      0.239         0.315       -0.076        0.555
           emb_mles__loss_triplet                      0.538 0.002   0.536   0.540 0.001  [0.538 0.540 0.537 0.536 0.538]    1.052     0.519   -1.147     0.142  -0.001      0.002    -0.003     0.001     -0.181         0.365       -0.546        0.183
           mles_embeddings                             0.539 0.002   0.537   0.541 0.001  [0.540 0.539 0.539 0.537 0.540]    1.000     0.500    0.000     0.500   0.000      0.002    -0.002     0.002      0.000         0.369       -0.369        0.369

------------------------------------------------------------------------------------------------------------------------
End of report.     Current time: 2021-12-24 04:36:12
------------------------------------------------------------------------------------------------------------------------
