------------------------------------------------------------------------------------------------------------------------
Vector testing report
Params:
    conf: "conf/embeddings_validation_baselines_supervised.hocon"

Collected 4 files with 0 errors

------------------------------------------------------------------------------------------------------------------------
Metric: "accuracy"
                           scores_valid                                                                                                                                                                                             
                                   mean  t_pm t_int_l t_int_h   std                           values t_f_stat t_f_alpha t_t_stat t_t_alpha t_delta t_delta_pm t_delta_l t_delta_h t_delta_pp t_delta_pm_pp t_delta_l_pp t_delta_h_pp
model_name feature_name                                                                                                                                                                                                             
nn         cpc_finetuning         0.526 0.002   0.523   0.528 0.002  [0.524 0.524 0.527 0.525 0.528]    3.017     0.845   -9.424     0.000  -0.016      0.004    -0.020    -0.012     -2.964         0.725       -3.689       -2.239
           mles_finetuning        0.554 0.002   0.552   0.556 0.002  [0.552 0.554 0.556 0.554 0.556]    4.315     0.907    7.707     1.000   0.013      0.004     0.009     0.016      2.332         0.698        1.634        3.029
           rtd_finetuning         0.542 0.002   0.540   0.543 0.001  [0.540 0.541 0.543 0.542 0.542]    7.352     0.960   -0.104     0.460  -0.000      0.004    -0.004     0.003     -0.030         0.670       -0.700        0.640
           target_scores          0.542 0.004   0.538   0.546 0.003  [0.537 0.540 0.544 0.543 0.545]    1.000     0.500    0.000     0.500   0.000      0.005    -0.005     0.005      0.000         0.889       -0.889        0.889
                           scores_test                                                                                                                                                                                             
                                  mean  t_pm t_int_l t_int_h   std                           values t_f_stat t_f_alpha t_t_stat t_t_alpha t_delta t_delta_pm t_delta_l t_delta_h t_delta_pp t_delta_pm_pp t_delta_l_pp t_delta_h_pp
model_name feature_name                                                                                                                                                                                                            
nn         cpc_finetuning        0.525 0.002   0.523   0.527 0.002  [0.526 0.522 0.526 0.525 0.525]    3.188     0.856  -10.839     0.000  -0.017      0.004    -0.020    -0.013     -3.110         0.662       -3.772       -2.449
           mles_finetuning       0.552 0.000   0.552   0.553 0.000  [0.552 0.552 0.552 0.552 0.553]  106.939     1.000    7.615     1.000   0.010      0.003     0.007     0.014      1.915         0.580        1.335        2.495
           rtd_finetuning        0.542 0.001   0.540   0.543 0.001  [0.542 0.541 0.542 0.543 0.540]    8.905     0.971   -0.144     0.445  -0.000      0.003    -0.004     0.003     -0.038         0.609       -0.647        0.571
           target_scores         0.542 0.004   0.538   0.546 0.003  [0.537 0.541 0.542 0.542 0.546]    1.000     0.500    0.000     0.500   0.000      0.004    -0.004     0.004      0.000         0.816       -0.816        0.816

------------------------------------------------------------------------------------------------------------------------
End of report.     Current time: 2021-01-17 08:50:42
------------------------------------------------------------------------------------------------------------------------
