------------------------------------------------------------------------------------------------------------------------
Vector testing report
Params:
    conf: "conf/embeddings_validation_baselines_unsupervised.hocon"

Collected 45 files with 0 errors

------------------------------------------------------------------------------------------------------------------------
Metric: "accuracy"
split_name                         scores_valid                                                                                                                                                                                             
                                           mean  t_pm t_int_l t_int_h   std                           values t_f_stat t_f_alpha t_t_stat t_t_alpha t_delta t_delta_pm t_delta_l t_delta_h t_delta_pp t_delta_pm_pp t_delta_l_pp t_delta_h_pp
model_name feature_name                                                                                                                                                                                                                     
lgbm       barlow_twins_embeddings        0.536 0.003   0.534   0.539 0.002  [0.534 0.534 0.539 0.537 0.537]    1.218     0.573   -8.666     0.000  -0.012      0.003    -0.015    -0.009     -2.123         0.565       -2.688       -1.558
           baseline                       0.548 0.003   0.545   0.551 0.002  [0.545 0.546 0.550 0.550 0.548]    1.000     0.500    0.000     0.500   0.000      0.003    -0.003     0.003      0.000         0.592       -0.592        0.592
           cpc_embeddings                 0.526 0.003   0.523   0.529 0.002  [0.524 0.523 0.529 0.526 0.527]    0.803     0.418  -14.935     0.000  -0.022      0.003    -0.026    -0.019     -4.063         0.627       -4.690       -3.435
           mles2_embeddings               0.542 0.003   0.539   0.545 0.003  [0.541 0.539 0.546 0.542 0.543]    0.691     0.364   -3.769     0.003  -0.006      0.004    -0.009    -0.002     -1.070         0.655       -1.725       -0.416
           mles_embeddings                0.542 0.003   0.538   0.545 0.002  [0.540 0.538 0.544 0.541 0.544]    0.826     0.429   -4.309     0.001  -0.006      0.003    -0.010    -0.003     -1.163         0.622       -1.785       -0.541
           nsp_embeddings                 0.521 0.002   0.519   0.523 0.002  [0.520 0.520 0.522 0.521 0.524]    1.553     0.660  -20.873     0.000  -0.027      0.003    -0.030    -0.024     -4.858         0.537       -5.395       -4.321
           random_encoder                 0.372 0.002   0.369   0.374 0.002  [0.374 0.373 0.370 0.369 0.371]    1.345     0.610 -134.227     0.000  -0.176      0.003    -0.179    -0.173    -32.173         0.553      -32.726      -31.621
           rtd_embeddings                 0.527 0.002   0.526   0.529 0.001  [0.526 0.526 0.528 0.527 0.530]    2.198     0.768  -16.993     0.000  -0.020      0.003    -0.023    -0.018     -3.721         0.505       -4.226       -3.216
           sop_embeddings                 0.451 0.002   0.449   0.453 0.002  [0.451 0.450 0.451 0.454 0.450]    1.538     0.657  -75.811     0.000  -0.097      0.003    -0.100    -0.094    -17.677         0.538      -18.215      -17.139
split_name                         scores_test                                                                                                                                                                                             
                                          mean  t_pm t_int_l t_int_h   std                           values t_f_stat t_f_alpha t_t_stat t_t_alpha t_delta t_delta_pm t_delta_l t_delta_h t_delta_pp t_delta_pm_pp t_delta_l_pp t_delta_h_pp
model_name feature_name                                                                                                                                                                                                                    
lgbm       barlow_twins_embeddings       0.535 0.001   0.534   0.537 0.001  [0.534 0.536 0.536 0.535 0.537]    0.232     0.093  -21.944     0.000  -0.012      0.001    -0.013    -0.011     -2.167         0.228       -2.394       -1.939
           baseline                      0.547 0.001   0.547   0.548 0.001  [0.548 0.548 0.546 0.547 0.547]    1.000     0.500    0.000     0.500   0.000      0.001    -0.001     0.001      0.000         0.140       -0.140        0.140
           cpc_embeddings                0.524 0.002   0.523   0.526 0.001  [0.523 0.525 0.523 0.526 0.523]    0.177     0.061  -38.203     0.000  -0.023      0.001    -0.025    -0.022     -4.224         0.255       -4.479       -3.969
           mles2_embeddings              0.540 0.001   0.539   0.541 0.001  [0.539 0.541 0.540 0.539 0.541]    0.362     0.174  -15.561     0.000  -0.007      0.001    -0.008    -0.006     -1.293         0.192       -1.485       -1.102
           mles_embeddings               0.539 0.002   0.537   0.541 0.001  [0.540 0.539 0.539 0.537 0.540]    0.147     0.045  -12.746     0.000  -0.008      0.002    -0.010    -0.007     -1.523         0.276       -1.799       -1.248
           nsp_embeddings                0.522 0.001   0.520   0.523 0.001  [0.523 0.522 0.521 0.520 0.522]    0.257     0.108  -49.436     0.000  -0.026      0.001    -0.027    -0.024     -4.682         0.218       -4.901       -4.464
           random_encoder                0.374 0.001   0.373   0.375 0.001  [0.373 0.374 0.374 0.373 0.375]    0.542     0.284 -438.250     0.000  -0.173      0.001    -0.174    -0.172    -31.659         0.167      -31.826      -31.493
           rtd_embeddings                0.528 0.001   0.527   0.529 0.001  [0.527 0.529 0.527 0.528 0.528]    0.455     0.232  -46.531     0.000  -0.020      0.001    -0.020    -0.019     -3.564         0.177       -3.741       -3.388
           sop_embeddings                0.450 0.002   0.449   0.452 0.001  [0.451 0.452 0.451 0.449 0.449]    0.163     0.054 -155.194     0.000  -0.097      0.001    -0.098    -0.096    -17.732         0.263      -17.996      -17.469

------------------------------------------------------------------------------------------------------------------------
End of report.     Current time: 2021-12-19 06:33:59
------------------------------------------------------------------------------------------------------------------------
