------------------------------------------------------------------------------------------------------------------------
Vector testing report
Params:
    conf: "conf/embeddings_validation_short_1640470699.hocon"

Collected 30 files with 0 errors

------------------------------------------------------------------------------------------------------------------------
Metric: "accuracy"
split_name                                                 scores_valid                                                                                                                                                                                             
                                                                   mean  t_pm t_int_l t_int_h   std                           values t_f_stat t_f_alpha t_t_stat t_t_alpha t_delta t_delta_pm t_delta_l t_delta_h t_delta_pp t_delta_pm_pp t_delta_l_pp t_delta_h_pp
model_name feature_name                                                                                                                                                                                                                                             
lgbm       emb__smpl_strategy_AllPositivePair                     0.530 0.003   0.527   0.533 0.002  [0.531 0.527 0.531 0.529 0.533]    1.038     0.514   -7.417     0.000  -0.011      0.004    -0.015    -0.008     -2.099         0.653       -2.752       -1.447
           emb__smpl_strategy_DistanceWeightedPair                0.534 0.002   0.532   0.536 0.001  [0.534 0.532 0.534 0.533 0.536]    2.756     0.825   -6.030     0.000  -0.008      0.003    -0.011    -0.005     -1.422         0.544       -1.966       -0.878
           emb__smpl_strategy_HardNegativePair_neg_count_2        0.541 0.003   0.538   0.544 0.002  [0.540 0.538 0.544 0.541 0.544]    0.958     0.484   -0.116     0.455  -0.000      0.004    -0.004     0.003     -0.033         0.666       -0.700        0.633
           emb__smpl_strategy_HardNegativePair_neg_count_5        0.545 0.003   0.542   0.548 0.002  [0.544 0.542 0.546 0.545 0.548]    0.976     0.491    2.226     0.972   0.003      0.004    -0.000     0.007      0.640         0.663       -0.023        1.303
           emb__smpl_strategy_HardNegativePair_neg_count_9        0.542 0.003   0.538   0.545 0.002  [0.540 0.538 0.544 0.541 0.544]    1.000     0.500    0.000     0.500   0.000      0.004    -0.004     0.004      0.000         0.659       -0.659        0.659
           mles_embeddings                                        0.542 0.003   0.538   0.545 0.002  [0.540 0.538 0.544 0.541 0.544]    1.000     0.500    0.000     0.500   0.000      0.004    -0.004     0.004      0.000         0.659       -0.659        0.659
split_name                                                 scores_test                                                                                                                                                                                             
                                                                  mean  t_pm t_int_l t_int_h   std                           values t_f_stat t_f_alpha t_t_stat t_t_alpha t_delta t_delta_pm t_delta_l t_delta_h t_delta_pp t_delta_pm_pp t_delta_l_pp t_delta_h_pp
model_name feature_name                                                                                                                                                                                                                                            
lgbm       emb__smpl_strategy_AllPositivePair                    0.529 0.002   0.527   0.530 0.001  [0.527 0.529 0.530 0.529 0.528]    1.093     0.533  -12.056     0.000  -0.010      0.002    -0.012    -0.008     -1.890         0.362       -2.252       -1.529
           emb__smpl_strategy_DistanceWeightedPair               0.533 0.002   0.531   0.535 0.001  [0.534 0.533 0.534 0.530 0.533]    0.869     0.447   -6.918     0.000  -0.006      0.002    -0.008    -0.004     -1.149         0.383       -1.533       -0.766
           emb__smpl_strategy_HardNegativePair_neg_count_2       0.541 0.001   0.540   0.542 0.001  [0.542 0.542 0.541 0.541 0.541]    2.893     0.836    3.456     0.996   0.002      0.002     0.001     0.004      0.454         0.303        0.151        0.757
           emb__smpl_strategy_HardNegativePair_neg_count_5       0.542 0.002   0.540   0.545 0.002  [0.543 0.543 0.540 0.544 0.541]    0.631     0.333    3.490     0.996   0.003      0.002     0.001     0.006      0.636         0.420        0.216        1.056
           emb__smpl_strategy_HardNegativePair_neg_count_9       0.539 0.002   0.537   0.541 0.001  [0.540 0.539 0.539 0.537 0.540]    1.000     0.500    0.000     0.500   0.000      0.002    -0.002     0.002      0.000         0.369       -0.369        0.369
           mles_embeddings                                       0.539 0.002   0.537   0.541 0.001  [0.540 0.539 0.539 0.537 0.540]    1.000     0.500    0.000     0.500   0.000      0.002    -0.002     0.002      0.000         0.369       -0.369        0.369

------------------------------------------------------------------------------------------------------------------------
End of report.     Current time: 2021-12-25 23:53:53
------------------------------------------------------------------------------------------------------------------------
