------------------------------------------------------------------------------------------------------------------------
Vector testing report
Params:
    conf: "conf/embeddings_validation_semi_supervised.hocon"

Collected 180 files with 0 errors

------------------------------------------------------------------------------------------------------------------------
Metric: "accuracy"
split_name                        scores_train                                                             
                                          mean  t_pm t_int_l t_int_h   std                           values
model_name feature_name                                                                                    
lgbm       baseline_000500               0.998 0.001   0.997   1.000 0.001  [0.998 0.998 0.998 1.000 0.998]
           baseline_001000               1.000 0.000   1.000   1.000 0.000  [1.000 1.000 1.000 1.000 1.000]
           baseline_003000               0.999 0.000   0.999   1.000 0.000  [0.999 0.999 0.999 0.999 1.000]
           baseline_006000               0.999 0.000   0.999   0.999 0.000  [0.999 0.999 0.999 0.999 0.999]
           baseline_012000               0.995 0.001   0.994   0.996 0.001  [0.995 0.994 0.995 0.995 0.994]
           baseline_025000               0.968 0.001   0.967   0.969 0.001  [0.969 0.967 0.969 0.968 0.969]
           baseline_050000               0.901 0.001   0.900   0.902 0.001  [0.901 0.901 0.902 0.901 0.902]
           baseline_100000               0.816 0.001   0.815   0.817 0.001  [0.815 0.816 0.816 0.816 0.817]
           baseline_200000               0.736 0.001   0.735   0.737 0.001  [0.736 0.737 0.735 0.736 0.736]
           baseline_290000               0.699 0.000   0.699   0.700 0.000  [0.700 0.699 0.699 0.699 0.699]
           cpc_embeddings_000500         1.000 0.000   1.000   1.000 0.000  [1.000 1.000 1.000 1.000 1.000]
           cpc_embeddings_001000         1.000 0.000   1.000   1.000 0.000  [1.000 1.000 1.000 1.000 1.000]
           cpc_embeddings_003000         1.000 0.000   1.000   1.000 0.000  [1.000 1.000 1.000 1.000 1.000]
           cpc_embeddings_006000         1.000 0.000   1.000   1.000 0.000  [1.000 1.000 1.000 1.000 1.000]
           cpc_embeddings_012000         1.000 0.000   1.000   1.000 0.000  [1.000 1.000 1.000 1.000 1.000]
           cpc_embeddings_025000         0.999 0.000   0.999   1.000 0.000  [0.999 0.999 1.000 0.999 0.999]
           cpc_embeddings_050000         0.975 0.001   0.974   0.976 0.001  [0.975 0.974 0.976 0.974 0.975]
           cpc_embeddings_100000         0.873 0.000   0.872   0.873 0.000  [0.873 0.872 0.873 0.872 0.873]
           cpc_embeddings_200000         0.749 0.001   0.749   0.750 0.001  [0.749 0.750 0.749 0.749 0.750]
           cpc_embeddings_290000         0.696 0.000   0.695   0.696 0.000  [0.696 0.696 0.696 0.696 0.696]
           mles_embeddings_000500        1.000 0.000   1.000   1.000 0.000  [1.000 1.000 1.000 1.000 1.000]
           mles_embeddings_001000        1.000 0.000   1.000   1.000 0.000  [1.000 1.000 1.000 1.000 1.000]
           mles_embeddings_003000        1.000 0.000   1.000   1.000 0.000  [1.000 1.000 1.000 1.000 1.000]
           mles_embeddings_006000        1.000 0.000   1.000   1.000 0.000  [1.000 1.000 1.000 1.000 1.000]
           mles_embeddings_012000        1.000 0.000   1.000   1.000 0.000  [1.000 1.000 1.000 1.000 1.000]
           mles_embeddings_025000        1.000 0.000   1.000   1.000 0.000  [1.000 1.000 1.000 1.000 1.000]
           mles_embeddings_050000        0.995 0.000   0.995   0.995 0.000  [0.995 0.995 0.995 0.995 0.995]
           mles_embeddings_100000        0.926 0.001   0.925   0.926 0.001  [0.925 0.925 0.926 0.925 0.926]
           mles_embeddings_200000        0.801 0.001   0.800   0.802 0.001  [0.802 0.800 0.801 0.801 0.801]
           mles_embeddings_290000        0.741 0.001   0.740   0.742 0.001  [0.742 0.741 0.740 0.741 0.741]
nn         cpc_finetuning_000500           NaN   NaN     NaN     NaN   NaN            [nan nan nan nan nan]
           cpc_finetuning_001000           NaN   NaN     NaN     NaN   NaN            [nan nan nan nan nan]
           cpc_finetuning_003000           NaN   NaN     NaN     NaN   NaN            [nan nan nan nan nan]
           cpc_finetuning_006000           NaN   NaN     NaN     NaN   NaN            [nan nan nan nan nan]
           cpc_finetuning_012000           NaN   NaN     NaN     NaN   NaN            [nan nan nan nan nan]
           cpc_finetuning_025000           NaN   NaN     NaN     NaN   NaN            [nan nan nan nan nan]
           cpc_finetuning_050000           NaN   NaN     NaN     NaN   NaN            [nan nan nan nan nan]
           cpc_finetuning_100000           NaN   NaN     NaN     NaN   NaN            [nan nan nan nan nan]
           cpc_finetuning_200000           NaN   NaN     NaN     NaN   NaN            [nan nan nan nan nan]
           cpc_finetuning_290000           NaN   NaN     NaN     NaN   NaN            [nan nan nan nan nan]
           mles_finetuning_000500          NaN   NaN     NaN     NaN   NaN            [nan nan nan nan nan]
           mles_finetuning_001000          NaN   NaN     NaN     NaN   NaN            [nan nan nan nan nan]
           mles_finetuning_003000          NaN   NaN     NaN     NaN   NaN            [nan nan nan nan nan]
           mles_finetuning_006000          NaN   NaN     NaN     NaN   NaN            [nan nan nan nan nan]
           mles_finetuning_012000          NaN   NaN     NaN     NaN   NaN            [nan nan nan nan nan]
           mles_finetuning_025000          NaN   NaN     NaN     NaN   NaN            [nan nan nan nan nan]
           mles_finetuning_050000          NaN   NaN     NaN     NaN   NaN            [nan nan nan nan nan]
           mles_finetuning_100000          NaN   NaN     NaN     NaN   NaN            [nan nan nan nan nan]
           mles_finetuning_200000          NaN   NaN     NaN     NaN   NaN            [nan nan nan nan nan]
           mles_finetuning_290000          NaN   NaN     NaN     NaN   NaN            [nan nan nan nan nan]
           target_scores_000500            NaN   NaN     NaN     NaN   NaN            [nan nan nan nan nan]
           target_scores_001000            NaN   NaN     NaN     NaN   NaN            [nan nan nan nan nan]
           target_scores_003000            NaN   NaN     NaN     NaN   NaN            [nan nan nan nan nan]
           target_scores_006000            NaN   NaN     NaN     NaN   NaN            [nan nan nan nan nan]
           target_scores_012000            NaN   NaN     NaN     NaN   NaN            [nan nan nan nan nan]
           target_scores_025000            NaN   NaN     NaN     NaN   NaN            [nan nan nan nan nan]
           target_scores_050000            NaN   NaN     NaN     NaN   NaN            [nan nan nan nan nan]
           target_scores_100000            NaN   NaN     NaN     NaN   NaN            [nan nan nan nan nan]
           target_scores_200000            NaN   NaN     NaN     NaN   NaN            [nan nan nan nan nan]
           target_scores_290000            NaN   NaN     NaN     NaN   NaN            [nan nan nan nan nan]
split_name                        scores_valid                                                             
                                          mean  t_pm t_int_l t_int_h   std                           values
model_name feature_name                                                                                    
lgbm       baseline_000500               0.398 0.004   0.394   0.402 0.003  [0.396 0.398 0.395 0.398 0.403]
           baseline_001000               0.429 0.003   0.426   0.433 0.003  [0.428 0.432 0.427 0.428 0.433]
           baseline_003000               0.463 0.006   0.458   0.469 0.005  [0.462 0.462 0.463 0.458 0.471]
           baseline_006000               0.481 0.001   0.480   0.483 0.001  [0.481 0.480 0.482 0.481 0.482]
           baseline_012000               0.497 0.003   0.494   0.500 0.002  [0.494 0.495 0.499 0.499 0.499]
           baseline_025000               0.512 0.002   0.510   0.515 0.002  [0.510 0.511 0.512 0.514 0.514]
           baseline_050000               0.526 0.002   0.524   0.529 0.002  [0.526 0.526 0.524 0.527 0.529]
           baseline_100000               0.537 0.002   0.535   0.540 0.002  [0.535 0.536 0.537 0.538 0.540]
           baseline_200000               0.544 0.002   0.542   0.547 0.002  [0.542 0.544 0.545 0.545 0.546]
           baseline_290000               0.548 0.003   0.545   0.552 0.003  [0.545 0.546 0.550 0.550 0.550]
           cpc_embeddings_000500         0.419 0.007   0.411   0.426 0.006  [0.424 0.422 0.413 0.412 0.423]
           cpc_embeddings_001000         0.445 0.004   0.440   0.449 0.004  [0.444 0.446 0.445 0.440 0.449]
           cpc_embeddings_003000         0.474 0.003   0.470   0.477 0.003  [0.475 0.473 0.474 0.469 0.476]
           cpc_embeddings_006000         0.485 0.004   0.481   0.489 0.003  [0.482 0.481 0.488 0.486 0.488]
           cpc_embeddings_012000         0.493 0.004   0.489   0.497 0.003  [0.490 0.490 0.497 0.494 0.495]
           cpc_embeddings_025000         0.499 0.002   0.497   0.501 0.002  [0.498 0.498 0.501 0.497 0.500]
           cpc_embeddings_050000         0.507 0.002   0.505   0.509 0.002  [0.506 0.506 0.508 0.507 0.509]
           cpc_embeddings_100000         0.515 0.002   0.513   0.518 0.002  [0.513 0.515 0.515 0.514 0.518]
           cpc_embeddings_200000         0.522 0.003   0.520   0.525 0.002  [0.520 0.520 0.524 0.523 0.525]
           cpc_embeddings_290000         0.525 0.003   0.522   0.528 0.003  [0.521 0.523 0.528 0.526 0.526]
           mles_embeddings_000500        0.444 0.004   0.440   0.448 0.004  [0.441 0.445 0.445 0.440 0.449]
           mles_embeddings_001000        0.473 0.004   0.470   0.477 0.003  [0.473 0.472 0.476 0.469 0.477]
           mles_embeddings_003000        0.496 0.004   0.492   0.501 0.004  [0.496 0.493 0.501 0.494 0.500]
           mles_embeddings_006000        0.505 0.004   0.501   0.508 0.003  [0.501 0.502 0.505 0.506 0.509]
           mles_embeddings_012000        0.511 0.003   0.508   0.513 0.002  [0.509 0.509 0.512 0.511 0.514]
           mles_embeddings_025000        0.517 0.002   0.515   0.520 0.002  [0.514 0.517 0.519 0.517 0.519]
           mles_embeddings_050000        0.523 0.003   0.520   0.527 0.003  [0.519 0.523 0.525 0.523 0.526]
           mles_embeddings_100000        0.530 0.002   0.528   0.533 0.002  [0.528 0.529 0.532 0.532 0.531]
           mles_embeddings_200000        0.539 0.003   0.536   0.541 0.002  [0.537 0.536 0.541 0.538 0.541]
           mles_embeddings_290000        0.542 0.002   0.539   0.544 0.002  [0.540 0.540 0.543 0.541 0.544]
nn         cpc_finetuning_000500         0.324 0.002   0.322   0.326 0.002  [0.325 0.322 0.323 0.324 0.326]
           cpc_finetuning_001000         0.379 0.006   0.372   0.385 0.005  [0.385 0.378 0.380 0.371 0.380]
           cpc_finetuning_003000         0.462 0.003   0.459   0.465 0.003  [0.461 0.461 0.461 0.461 0.467]
           cpc_finetuning_006000         0.488 0.004   0.485   0.492 0.003  [0.484 0.489 0.490 0.488 0.492]
           cpc_finetuning_012000         0.505 0.003   0.502   0.508 0.002  [0.503 0.502 0.505 0.505 0.509]
           cpc_finetuning_025000         0.512 0.002   0.511   0.514 0.001  [0.511 0.511 0.513 0.512 0.514]
           cpc_finetuning_050000         0.516 0.002   0.514   0.518 0.001  [0.514 0.515 0.517 0.516 0.518]
           cpc_finetuning_100000         0.519 0.002   0.517   0.521 0.002  [0.517 0.518 0.519 0.520 0.522]
           cpc_finetuning_200000         0.522 0.002   0.520   0.523 0.001  [0.520 0.521 0.522 0.522 0.524]
           cpc_finetuning_290000         0.523 0.002   0.522   0.525 0.001  [0.522 0.522 0.524 0.523 0.526]
           mles_finetuning_000500        0.411 0.010   0.401   0.422 0.008  [0.397 0.416 0.416 0.411 0.418]
           mles_finetuning_001000        0.438 0.007   0.431   0.445 0.005  [0.436 0.443 0.436 0.430 0.443]
           mles_finetuning_003000        0.480 0.004   0.476   0.485 0.004  [0.476 0.479 0.482 0.479 0.485]
           mles_finetuning_006000        0.496 0.006   0.491   0.502 0.005  [0.489 0.495 0.500 0.498 0.500]
           mles_finetuning_012000        0.509 0.003   0.506   0.512 0.002  [0.507 0.507 0.511 0.506 0.511]
           mles_finetuning_025000        0.521 0.003   0.518   0.523 0.002  [0.520 0.518 0.523 0.519 0.522]
           mles_finetuning_050000        0.530 0.002   0.528   0.532 0.002  [0.529 0.529 0.531 0.530 0.532]
           mles_finetuning_100000        0.538 0.001   0.537   0.539 0.001  [0.537 0.536 0.539 0.539 0.539]
           mles_finetuning_200000        0.544 0.003   0.542   0.547 0.002  [0.542 0.542 0.547 0.545 0.545]
           mles_finetuning_290000        0.547 0.001   0.546   0.549 0.001  [0.547 0.546 0.549 0.548 0.547]
           target_scores_000500          0.378 0.007   0.371   0.384 0.005  [0.374 0.381 0.382 0.370 0.380]
           target_scores_001000          0.409 0.006   0.404   0.415 0.005  [0.407 0.409 0.417 0.404 0.411]
           target_scores_003000          0.459 0.009   0.450   0.467 0.007  [0.458 0.456 0.464 0.450 0.467]
           target_scores_006000          0.477 0.003   0.474   0.480 0.002  [0.475 0.476 0.478 0.477 0.481]
           target_scores_012000          0.491 0.003   0.488   0.494 0.002  [0.488 0.490 0.491 0.494 0.491]
           target_scores_025000          0.505 0.003   0.502   0.508 0.002  [0.503 0.502 0.505 0.506 0.508]
           target_scores_050000          0.511 0.003   0.509   0.514 0.002  [0.510 0.512 0.509 0.514 0.512]
           target_scores_100000          0.521 0.003   0.518   0.524 0.002  [0.520 0.520 0.522 0.519 0.525]
           target_scores_200000          0.529 0.002   0.527   0.531 0.002  [0.527 0.529 0.532 0.527 0.529]
           target_scores_290000          0.531 0.002   0.529   0.533 0.002  [0.529 0.530 0.534 0.532 0.531]
split_name                        scores_test                                                             
                                         mean  t_pm t_int_l t_int_h   std                           values
model_name feature_name                                                                                   
lgbm       baseline_000500              0.401 0.004   0.397   0.405 0.003  [0.400 0.404 0.396 0.401 0.404]
           baseline_001000              0.429 0.003   0.426   0.432 0.002  [0.429 0.433 0.427 0.428 0.429]
           baseline_003000              0.461 0.002   0.458   0.463 0.002  [0.462 0.460 0.460 0.458 0.464]
           baseline_006000              0.479 0.001   0.478   0.481 0.001  [0.480 0.478 0.480 0.480 0.480]
           baseline_012000              0.496 0.001   0.494   0.497 0.001  [0.495 0.496 0.497 0.495 0.496]
           baseline_025000              0.511 0.002   0.508   0.513 0.002  [0.512 0.508 0.510 0.510 0.512]
           baseline_050000              0.524 0.002   0.522   0.527 0.002  [0.525 0.522 0.526 0.525 0.524]
           baseline_100000              0.536 0.002   0.534   0.538 0.001  [0.536 0.538 0.537 0.534 0.535]
           baseline_200000              0.545 0.001   0.544   0.546 0.001  [0.543 0.544 0.545 0.545 0.545]
           baseline_290000              0.548 0.001   0.547   0.549 0.001  [0.548 0.548 0.546 0.548 0.547]
           cpc_embeddings_000500        0.420 0.008   0.412   0.428 0.006  [0.422 0.427 0.414 0.412 0.423]
           cpc_embeddings_001000        0.445 0.005   0.440   0.450 0.004  [0.446 0.447 0.442 0.439 0.449]
           cpc_embeddings_003000        0.472 0.004   0.469   0.476 0.003  [0.472 0.475 0.475 0.467 0.473]
           cpc_embeddings_006000        0.483 0.004   0.479   0.487 0.003  [0.478 0.483 0.486 0.484 0.485]
           cpc_embeddings_012000        0.491 0.003   0.488   0.494 0.002  [0.491 0.490 0.492 0.493 0.487]
           cpc_embeddings_025000        0.498 0.002   0.496   0.500 0.002  [0.496 0.499 0.499 0.496 0.500]
           cpc_embeddings_050000        0.506 0.001   0.505   0.508 0.001  [0.505 0.507 0.507 0.507 0.505]
           cpc_embeddings_100000        0.513 0.001   0.512   0.514 0.001  [0.513 0.514 0.512 0.513 0.513]
           cpc_embeddings_200000        0.521 0.001   0.520   0.522 0.001  [0.523 0.521 0.520 0.520 0.521]
           cpc_embeddings_290000        0.524 0.001   0.523   0.525 0.001  [0.523 0.525 0.523 0.525 0.523]
           mles_embeddings_000500       0.447 0.004   0.444   0.451 0.003  [0.445 0.449 0.449 0.444 0.451]
           mles_embeddings_001000       0.474 0.005   0.469   0.480 0.004  [0.477 0.474 0.477 0.467 0.477]
           mles_embeddings_003000       0.497 0.003   0.494   0.500 0.003  [0.500 0.496 0.499 0.494 0.497]
           mles_embeddings_006000       0.505 0.003   0.502   0.507 0.002  [0.504 0.505 0.503 0.508 0.504]
           mles_embeddings_012000       0.512 0.001   0.511   0.513 0.001  [0.511 0.512 0.512 0.512 0.511]
           mles_embeddings_025000       0.517 0.002   0.515   0.519 0.001  [0.517 0.516 0.519 0.517 0.516]
           mles_embeddings_050000       0.523 0.001   0.523   0.524 0.001  [0.523 0.523 0.524 0.523 0.523]
           mles_embeddings_100000       0.530 0.002   0.528   0.532 0.002  [0.531 0.530 0.530 0.529 0.527]
           mles_embeddings_200000       0.536 0.002   0.534   0.538 0.001  [0.537 0.537 0.534 0.535 0.537]
           mles_embeddings_290000       0.538 0.002   0.536   0.541 0.002  [0.539 0.538 0.541 0.537 0.538]
nn         cpc_finetuning_000500        0.338 0.004   0.334   0.342 0.003  [0.343 0.337 0.336 0.335 0.338]
           cpc_finetuning_001000        0.402 0.006   0.395   0.408 0.005  [0.410 0.400 0.401 0.396 0.402]
           cpc_finetuning_003000        0.472 0.004   0.468   0.475 0.003  [0.476 0.473 0.471 0.468 0.472]
           cpc_finetuning_006000        0.495 0.002   0.493   0.497 0.002  [0.492 0.496 0.494 0.497 0.495]
           cpc_finetuning_012000        0.509 0.000   0.509   0.509 0.000  [0.509 0.509 0.509 0.509 0.510]
           cpc_finetuning_025000        0.515 0.001   0.514   0.517 0.001  [0.517 0.515 0.517 0.514 0.515]
           cpc_finetuning_050000        0.520 0.001   0.519   0.521 0.001  [0.520 0.521 0.520 0.519 0.520]
           cpc_finetuning_100000        0.523 0.000   0.522   0.523 0.000  [0.523 0.523 0.523 0.522 0.523]
           cpc_finetuning_200000        0.525 0.001   0.524   0.527 0.001  [0.527 0.525 0.524 0.525 0.526]
           cpc_finetuning_290000        0.525 0.004   0.522   0.529 0.003  [0.526 0.527 0.526 0.520 0.528]
           mles_finetuning_000500       0.424 0.010   0.414   0.434 0.008  [0.411 0.431 0.429 0.422 0.427]
           mles_finetuning_001000       0.454 0.008   0.446   0.462 0.006  [0.449 0.459 0.460 0.445 0.455]
           mles_finetuning_003000       0.488 0.003   0.485   0.491 0.002  [0.487 0.489 0.490 0.485 0.490]
           mles_finetuning_006000       0.504 0.003   0.501   0.507 0.002  [0.501 0.505 0.507 0.506 0.503]
           mles_finetuning_012000       0.518 0.002   0.516   0.520 0.002  [0.517 0.519 0.519 0.519 0.515]
           mles_finetuning_025000       0.530 0.002   0.529   0.532 0.001  [0.530 0.528 0.532 0.531 0.532]
           mles_finetuning_050000       0.537 0.001   0.536   0.538 0.001  [0.537 0.539 0.536 0.536 0.537]
           mles_finetuning_100000       0.543 0.002   0.542   0.545 0.002  [0.545 0.544 0.541 0.543 0.545]
           mles_finetuning_200000       0.550 0.001   0.549   0.551 0.001  [0.550 0.550 0.551 0.549 0.549]
           mles_finetuning_290000       0.553 0.001   0.552   0.554 0.001  [0.553 0.552 0.554 0.552 0.552]
           target_scores_000500         0.408 0.006   0.402   0.413 0.005  [0.411 0.407 0.404 0.402 0.414]
           target_scores_001000         0.440 0.008   0.432   0.449 0.007  [0.447 0.445 0.441 0.438 0.430]
           target_scores_003000         0.471 0.021   0.449   0.492 0.017  [0.481 0.474 0.479 0.440 0.479]
           target_scores_006000         0.488 0.003   0.484   0.491 0.003  [0.488 0.483 0.488 0.488 0.491]
           target_scores_012000         0.503 0.002   0.501   0.505 0.002  [0.503 0.502 0.504 0.505 0.502]
           target_scores_025000         0.515 0.003   0.512   0.518 0.002  [0.512 0.513 0.518 0.516 0.516]
           target_scores_050000         0.520 0.006   0.514   0.526 0.005  [0.521 0.521 0.512 0.525 0.522]
           target_scores_100000         0.530 0.002   0.529   0.532 0.001  [0.530 0.532 0.529 0.530 0.532]
           target_scores_200000         0.541 0.003   0.538   0.544 0.002  [0.541 0.539 0.544 0.538 0.542]
           target_scores_290000         0.543 0.003   0.540   0.546 0.002  [0.541 0.542 0.546 0.541 0.545]

------------------------------------------------------------------------------------------------------------------------
End of report.     Current time: 2021-12-29 20:31:19
------------------------------------------------------------------------------------------------------------------------
