------------------------------------------------------------------------------------------------------------------------
Vector testing report
Params:
    conf: "conf/embeddings_validation_short_1643922880.hocon"

Collected 220 files with 0 errors

------------------------------------------------------------------------------------------------------------------------
Metric: "auroc"
split_name                                  scores_valid                                                                                                                                                                                             
                                                    mean  t_pm t_int_l t_int_h   std                           values t_f_stat t_f_alpha t_t_stat t_t_alpha t_delta t_delta_pm t_delta_l t_delta_h t_delta_pp t_delta_pm_pp t_delta_l_pp t_delta_h_pp
model_name feature_name                                                                                                                                                                                                                              
lgbm       emb_mles__encoder_transf                0.776 0.012   0.764   0.788 0.010  [0.781 0.768 0.791 0.773 0.767]    0.551     0.289   -8.639     0.000  -0.048      0.013    -0.061    -0.035     -5.806         1.550       -7.356       -4.256
           emb_mles__encoder_transf_01             0.783 0.015   0.768   0.799 0.012  [0.791 0.768 0.800 0.782 0.777]    0.351     0.167   -6.243     0.000  -0.040      0.015    -0.055    -0.025     -4.908         1.813       -6.721       -3.095
           emb_mles__encoder_transf_02             0.756 0.008   0.747   0.764 0.007  [0.760 0.755 0.764 0.751 0.748]    1.223     0.575  -15.305     0.000  -0.068      0.010    -0.078    -0.058     -8.265         1.245       -9.511       -7.020
           emb_mles__encoder_transf_03             0.779 0.013   0.766   0.793 0.011  [0.778 0.768 0.797 0.781 0.774]    0.481     0.248   -7.673     0.000  -0.044      0.013    -0.058    -0.031     -5.392         1.621       -7.012       -3.771
           emb_mles__encoder_transf_04             0.767 0.006   0.761   0.773 0.005  [0.763 0.766 0.774 0.771 0.762]    2.229     0.772  -14.270     0.000  -0.057      0.009    -0.066    -0.048     -6.879         1.112       -7.991       -5.768
           emb_mles__encoder_transf_05             0.783 0.022   0.761   0.805 0.017  [0.777 0.772 0.814 0.777 0.775]    0.180     0.063   -4.842     0.001  -0.041      0.019    -0.060    -0.021     -4.966         2.365       -7.332       -2.601
           emb_mles__encoder_transf_05_1           0.779 0.008   0.771   0.787 0.007  [0.778 0.775 0.789 0.772 0.780]    1.269     0.589  -10.179     0.000  -0.045      0.010    -0.055    -0.035     -5.451         1.235       -6.686       -4.216
           emb_mles__encoder_transf_05_p           0.770 0.013   0.757   0.783 0.011  [0.764 0.759 0.786 0.774 0.767]    0.492     0.254   -9.356     0.000  -0.054      0.013    -0.067    -0.041     -6.528         1.609       -8.137       -4.919
           emb_mles__encoder_transf_06             0.702 0.024   0.678   0.726 0.019  [0.712 0.684 0.729 0.702 0.683]    0.144     0.044  -13.100     0.000  -0.122      0.021    -0.143    -0.100    -14.785         2.603      -17.388      -12.182
           emb_mles__encoder_transf_06_2           0.791 0.011   0.780   0.802 0.009  [0.788 0.786 0.806 0.784 0.791]    0.727     0.383   -6.435     0.000  -0.033      0.012    -0.044    -0.021     -3.972         1.423       -5.396       -2.549
           emb_mles__encoder_transf_06_3           0.787 0.015   0.772   0.802 0.012  [0.783 0.782 0.802 0.771 0.796]    0.354     0.170   -5.704     0.000  -0.037      0.015    -0.052    -0.022     -4.466         1.806       -6.272       -2.661
           emb_mles__encoder_transf_07             0.782 0.009   0.773   0.791 0.007  [0.780 0.771 0.792 0.784 0.783]    0.978     0.492   -8.869     0.000  -0.042      0.011    -0.052    -0.031     -5.052         1.313       -6.365       -3.738
           emb_mles__encoder_transf_08             0.791 0.006   0.785   0.797 0.005  [0.791 0.788 0.800 0.788 0.789]    2.313     0.782   -8.229     0.000  -0.033      0.009    -0.042    -0.023     -3.945         1.105       -5.051       -2.840
           emb_mles__encoder_transf_09             0.785 0.013   0.773   0.798 0.010  [0.781 0.772 0.800 0.789 0.785]    0.529     0.276   -6.836     0.000  -0.038      0.013    -0.051    -0.025     -4.656         1.571       -6.227       -3.085
           emb_mles__encoder_transf_10             0.780 0.013   0.768   0.793 0.010  [0.772 0.770 0.795 0.780 0.785]    0.521     0.272   -7.708     0.000  -0.043      0.013    -0.056    -0.030     -5.275         1.578       -6.853       -3.697
           emb_mles__encoder_transf_11_0009        0.785 0.012   0.773   0.798 0.010  [0.789 0.773 0.798 0.779 0.788]    0.554     0.291   -6.964     0.000  -0.038      0.013    -0.051    -0.026     -4.672         1.547       -6.220       -3.125
           emb_mles__encoder_transf_11_0019        0.780 0.012   0.768   0.791 0.009  [0.777 0.768 0.794 0.778 0.782]    0.632     0.334   -8.343     0.000  -0.044      0.012    -0.056    -0.032     -5.371         1.484       -6.855       -3.886
           emb_mles__encoder_transf_11_0029        0.783 0.009   0.774   0.791 0.007  [0.779 0.779 0.795 0.781 0.778]    1.096     0.534   -9.032     0.000  -0.041      0.011    -0.052    -0.031     -5.003         1.277       -6.280       -3.726
           emb_mles__encoder_transf_11_0039        0.784 0.013   0.771   0.798 0.011  [0.780 0.775 0.803 0.781 0.782]    0.469     0.241   -6.785     0.000  -0.040      0.013    -0.053    -0.026     -4.809         1.634       -6.443       -3.174
           emb_mles__encoder_transf_11_0049        0.782 0.008   0.774   0.789 0.006  [0.777 0.781 0.792 0.777 0.783]    1.432     0.632   -9.780     0.000  -0.042      0.010    -0.052    -0.032     -5.105         1.204       -6.308       -3.901
           emb_mles__encoder_transf_12_0009        0.780 0.018   0.762   0.798 0.014  [0.774 0.763 0.802 0.783 0.778]    0.261     0.111   -6.039     0.000  -0.044      0.017    -0.061    -0.027     -5.317         2.030       -7.348       -3.287
           emb_mles__encoder_transf_12_0019        0.783 0.015   0.768   0.798 0.012  [0.773 0.772 0.802 0.786 0.781]    0.364     0.176   -6.419     0.000  -0.041      0.015    -0.056    -0.026     -4.975         1.787       -6.762       -3.188
           emb_mles__encoder_transf_12_0029        0.778 0.015   0.763   0.793 0.012  [0.768 0.767 0.797 0.784 0.776]    0.358     0.172   -7.103     0.000  -0.046      0.015    -0.060    -0.031     -5.542         1.799       -7.341       -3.743
           emb_mles__encoder_transf_12_0039        0.779 0.013   0.767   0.792 0.010  [0.774 0.766 0.793 0.782 0.780]    0.533     0.278   -7.992     0.000  -0.045      0.013    -0.058    -0.032     -5.430         1.567       -6.997       -3.864
           emb_mles__encoder_transf_12_0049        0.780 0.014   0.766   0.794 0.011  [0.774 0.764 0.795 0.784 0.782]    0.414     0.207   -7.214     0.000  -0.044      0.014    -0.058    -0.030     -5.338         1.706       -7.045       -3.632
           emb_mles__encoder_transf_12_0059        0.780 0.012   0.768   0.792 0.010  [0.773 0.772 0.795 0.784 0.777]    0.594     0.313   -8.096     0.000  -0.044      0.012    -0.056    -0.031     -5.312         1.513       -6.825       -3.799
           emb_mles__encoder_transf_12_0069        0.781 0.014   0.767   0.795 0.011  [0.773 0.767 0.796 0.786 0.782]    0.424     0.213   -7.098     0.000  -0.043      0.014    -0.057    -0.029     -5.209         1.692       -6.901       -3.516
           emb_mles__encoder_transf_12_0079        0.779 0.013   0.766   0.792 0.010  [0.772 0.767 0.794 0.783 0.779]    0.498     0.258   -7.823     0.000  -0.045      0.013    -0.058    -0.032     -5.435         1.602       -7.037       -3.833
           emb_mles__encoder_transf_12_0089        0.780 0.013   0.767   0.793 0.011  [0.769 0.768 0.792 0.784 0.787]    0.472     0.242   -7.492     0.000  -0.044      0.013    -0.057    -0.030     -5.301         1.632       -6.932       -3.669
           emb_mles__encoder_transf_12_0099        0.780 0.012   0.768   0.792 0.010  [0.771 0.770 0.794 0.785 0.780]    0.539     0.282   -7.866     0.000  -0.044      0.013    -0.057    -0.031     -5.322         1.560       -6.883       -3.762
           emb_mles__encoder_transf_mlm_01         0.770 0.014   0.756   0.785 0.011  [0.773 0.752 0.784 0.772 0.771]    0.418     0.210   -8.789     0.000  -0.053      0.014    -0.067    -0.039     -6.482         1.701       -8.182       -4.781
           emb_mles__encoder_transf_mlm_02         0.746 0.010   0.736   0.757 0.008  [0.760 0.740 0.748 0.742 0.741]    0.802     0.418  -15.649     0.000  -0.077      0.011    -0.089    -0.066     -9.395         1.385      -10.780       -8.011
           emb_mles__encoder_transf_mlm_03         0.774 0.012   0.762   0.786 0.009  [0.783 0.760 0.781 0.770 0.775]    0.619     0.327   -9.361     0.000  -0.050      0.012    -0.062    -0.038     -6.063         1.494       -7.557       -4.569
           emb_mles__encoder_transf_mlm_04         0.755 0.018   0.738   0.773 0.014  [0.773 0.746 0.762 0.759 0.737]    0.269     0.116   -9.536     0.000  -0.068      0.017    -0.085    -0.052     -8.296         2.006      -10.302       -6.290
           emb_mles__encoder_transf_mlm_05         0.747 0.017   0.729   0.764 0.014  [0.760 0.729 0.761 0.738 0.746]    0.279     0.122  -10.906     0.000  -0.077      0.016    -0.093    -0.061     -9.347         1.976      -11.324       -7.371
           emb_mles__encoder_transf_mlm_06         0.760 0.013   0.747   0.773 0.010  [0.767 0.756 0.774 0.756 0.747]    0.497     0.257  -11.125     0.000  -0.064      0.013    -0.077    -0.051     -7.736         1.604       -9.340       -6.132
           emb_mles__encoder_transf_mlm_07         0.757 0.016   0.741   0.773 0.013  [0.763 0.743 0.776 0.753 0.750]    0.341     0.161  -10.216     0.000  -0.067      0.015    -0.082    -0.052     -8.114         1.831       -9.945       -6.282
           emb_mles__encoder_transf_mlm_10         0.785 0.012   0.773   0.797 0.010  [0.780 0.779 0.800 0.790 0.777]    0.576     0.303   -7.103     0.000  -0.039      0.013    -0.051    -0.026     -4.707         1.528       -6.235       -3.179
           emb_mles__encoder_transf_mlm_11         0.780 0.011   0.768   0.791 0.009  [0.786 0.767 0.791 0.779 0.777]    0.637     0.336   -8.325     0.000  -0.044      0.012    -0.056    -0.032     -5.347         1.481       -6.828       -3.866
           emb_mles__encoder_transf_mlm_12         0.782 0.008   0.774   0.790 0.007  [0.775 0.778 0.792 0.783 0.784]    1.288     0.594   -9.461     0.000  -0.042      0.010    -0.052    -0.031     -5.051         1.231       -6.282       -3.820
           emb_mles__encoder_transf_mlm_13         0.778 0.017   0.761   0.794 0.013  [0.771 0.764 0.799 0.780 0.774]    0.307     0.140   -6.805     0.000  -0.046      0.016    -0.062    -0.031     -5.623         1.905       -7.528       -3.717
           emb_mles__encoder_transf_mlm_14         0.783 0.008   0.775   0.791 0.006  [0.783 0.774 0.792 0.783 0.782]    1.369     0.616   -9.437     0.000  -0.041      0.010    -0.051    -0.031     -4.973         1.215       -6.188       -3.758
           emb_mles__encoder_transf_mlm_15         0.781 0.009   0.772   0.790 0.007  [0.778 0.777 0.792 0.783 0.773]    1.082     0.530   -9.413     0.000  -0.043      0.011    -0.054    -0.033     -5.230         1.281       -6.511       -3.949
           mles_embeddings                         0.824 0.009   0.815   0.833 0.007  [0.829 0.811 0.829 0.825 0.824]    1.000     0.500    0.000     0.500   0.000      0.011    -0.011     0.011      0.000         1.306       -1.306        1.306
split_name                                  scores_test                                                                                                                                                                                             
                                                   mean  t_pm t_int_l t_int_h   std                           values t_f_stat t_f_alpha t_t_stat t_t_alpha t_delta t_delta_pm t_delta_l t_delta_h t_delta_pp t_delta_pm_pp t_delta_l_pp t_delta_h_pp
model_name feature_name                                                                                                                                                                                                                             
lgbm       emb_mles__encoder_transf               0.793 0.007   0.786   0.799 0.005  [0.788 0.801 0.793 0.788 0.793]    0.081     0.016  -19.623     0.000  -0.049      0.006    -0.055    -0.043     -5.834         0.686       -6.520       -5.149
           emb_mles__encoder_transf_01            0.798 0.007   0.791   0.805 0.006  [0.791 0.806 0.801 0.798 0.796]    0.072     0.013  -16.379     0.000  -0.043      0.006    -0.049    -0.037     -5.133         0.723       -5.855       -4.410
           emb_mles__encoder_transf_02            0.789 0.009   0.780   0.797 0.007  [0.789 0.780 0.787 0.800 0.788]    0.048     0.006  -16.515     0.000  -0.053      0.007    -0.060    -0.045     -6.275         0.876       -7.152       -5.399
           emb_mles__encoder_transf_03            0.800 0.012   0.788   0.812 0.010  [0.805 0.804 0.808 0.797 0.784]    0.026     0.002   -9.677     0.000  -0.042      0.010    -0.052    -0.032     -4.973         1.185       -6.158       -3.788
           emb_mles__encoder_transf_04            0.793 0.010   0.783   0.803 0.008  [0.789 0.800 0.802 0.787 0.786]    0.038     0.004  -13.581     0.000  -0.049      0.008    -0.057    -0.040     -5.796         0.984       -6.780       -4.812
           emb_mles__encoder_transf_05            0.790 0.012   0.778   0.802 0.009  [0.784 0.805 0.787 0.792 0.782]    0.027     0.002  -12.193     0.000  -0.052      0.010    -0.061    -0.042     -6.122         1.158       -7.280       -4.964
           emb_mles__encoder_transf_05_1          0.805 0.006   0.800   0.811 0.005  [0.803 0.809 0.809 0.807 0.799]    0.111     0.028  -16.773     0.000  -0.036      0.005    -0.041    -0.031     -4.313         0.593       -4.906       -3.720
           emb_mles__encoder_transf_05_p          0.790 0.004   0.786   0.793 0.003  [0.791 0.794 0.787 0.788 0.790]    0.282     0.124  -35.517     0.000  -0.052      0.003    -0.055    -0.048     -6.151         0.399       -6.550       -5.751
           emb_mles__encoder_transf_06            0.741 0.017   0.725   0.758 0.013  [0.751 0.720 0.751 0.749 0.735]    0.013     0.000  -16.708     0.000  -0.100      0.014    -0.114    -0.087    -11.925         1.646      -13.571      -10.279
           emb_mles__encoder_transf_06_2          0.800 0.006   0.794   0.805 0.005  [0.806 0.803 0.799 0.796 0.795]    0.109     0.027  -19.261     0.000  -0.042      0.005    -0.047    -0.037     -4.996         0.598       -5.594       -4.398
           emb_mles__encoder_transf_06_3          0.800 0.005   0.794   0.805 0.004  [0.803 0.803 0.796 0.794 0.802]    0.132     0.038  -20.998     0.000  -0.042      0.005    -0.047    -0.037     -4.994         0.548       -5.542       -4.445
           emb_mles__encoder_transf_07            0.803 0.005   0.798   0.808 0.004  [0.803 0.804 0.798 0.800 0.809]    0.140     0.042  -19.863     0.000  -0.039      0.004    -0.043    -0.034     -4.600         0.534       -5.134       -4.066
           emb_mles__encoder_transf_08            0.801 0.011   0.790   0.811 0.009  [0.803 0.811 0.787 0.801 0.801]    0.032     0.003  -10.463     0.000  -0.041      0.009    -0.050    -0.032     -4.850         1.069       -5.919       -3.781
           emb_mles__encoder_transf_09            0.796 0.006   0.790   0.802 0.005  [0.796 0.802 0.789 0.798 0.797]    0.101     0.024  -19.988     0.000  -0.045      0.005    -0.050    -0.040     -5.363         0.619       -5.982       -4.744
           emb_mles__encoder_transf_10            0.799 0.007   0.792   0.806 0.005  [0.804 0.805 0.799 0.797 0.792]    0.081     0.016  -17.022     0.000  -0.042      0.006    -0.048    -0.037     -5.045         0.684       -5.729       -4.362
           emb_mles__encoder_transf_11_0009       0.813 0.003   0.809   0.816 0.003  [0.812 0.815 0.811 0.816 0.809]    0.313     0.143  -20.754     0.000  -0.029      0.003    -0.032    -0.026     -3.454         0.384       -3.838       -3.070
           emb_mles__encoder_transf_11_0019       0.799 0.010   0.789   0.809 0.008  [0.799 0.810 0.795 0.788 0.804]    0.034     0.003  -11.209     0.000  -0.043      0.009    -0.051    -0.034     -5.051         1.039       -6.091       -4.012
           emb_mles__encoder_transf_11_0029       0.790 0.005   0.785   0.795 0.004  [0.791 0.785 0.793 0.787 0.795]    0.130     0.036  -25.554     0.000  -0.052      0.005    -0.056    -0.047     -6.130         0.553       -6.684       -5.577
           emb_mles__encoder_transf_11_0039       0.790 0.009   0.781   0.798 0.007  [0.784 0.792 0.800 0.783 0.788]    0.047     0.006  -16.046     0.000  -0.052      0.007    -0.059    -0.045     -6.181         0.888       -7.070       -5.293
           emb_mles__encoder_transf_11_0049       0.788 0.004   0.784   0.792 0.004  [0.788 0.788 0.788 0.783 0.793]    0.184     0.065  -30.965     0.000  -0.054      0.004    -0.058    -0.050     -6.374         0.475       -6.849       -5.899
           emb_mles__encoder_transf_12_0009       0.799 0.010   0.788   0.809 0.008  [0.794 0.803 0.806 0.786 0.803]    0.035     0.003  -11.576     0.000  -0.043      0.009    -0.052    -0.034     -5.111         1.018       -6.130       -4.093
           emb_mles__encoder_transf_12_0019       0.805 0.010   0.795   0.815 0.008  [0.801 0.818 0.805 0.796 0.804]    0.036     0.004  -10.003     0.000  -0.037      0.008    -0.045    -0.028     -4.363         1.006       -5.369       -3.357
           emb_mles__encoder_transf_12_0029       0.806 0.008   0.798   0.814 0.006  [0.801 0.817 0.803 0.803 0.805]    0.059     0.009  -12.402     0.000  -0.036      0.007    -0.042    -0.029     -4.258         0.792       -5.049       -3.466
           emb_mles__encoder_transf_12_0039       0.808 0.008   0.800   0.816 0.007  [0.811 0.812 0.807 0.797 0.812]    0.054     0.008  -11.216     0.000  -0.034      0.007    -0.041    -0.027     -4.025         0.828       -4.853       -3.198
           emb_mles__encoder_transf_12_0049       0.805 0.004   0.801   0.808 0.003  [0.805 0.807 0.804 0.800 0.807]    0.284     0.125  -25.498     0.000  -0.037      0.003    -0.040    -0.034     -4.404         0.398       -4.803       -4.006
           emb_mles__encoder_transf_12_0059       0.805 0.005   0.801   0.810 0.004  [0.805 0.808 0.802 0.802 0.810]    0.172     0.058  -20.389     0.000  -0.036      0.004    -0.041    -0.032     -4.325         0.489       -4.814       -3.836
           emb_mles__encoder_transf_12_0069       0.804 0.008   0.796   0.812 0.006  [0.803 0.812 0.807 0.795 0.801]    0.056     0.008  -12.789     0.000  -0.038      0.007    -0.045    -0.031     -4.511         0.813       -5.325       -3.698
           emb_mles__encoder_transf_12_0079       0.804 0.005   0.800   0.809 0.004  [0.804 0.810 0.803 0.800 0.805]    0.171     0.058  -20.891     0.000  -0.037      0.004    -0.041    -0.033     -4.437         0.490       -4.927       -3.947
           emb_mles__encoder_transf_12_0089       0.807 0.005   0.802   0.812 0.004  [0.804 0.812 0.803 0.810 0.806]    0.145     0.044  -18.004     0.000  -0.035      0.004    -0.039    -0.030     -4.113         0.527       -4.640       -3.586
           emb_mles__encoder_transf_12_0099       0.805 0.007   0.798   0.812 0.005  [0.809 0.813 0.801 0.801 0.802]    0.078     0.015  -14.328     0.000  -0.036      0.006    -0.042    -0.031     -4.321         0.695       -5.017       -3.626
           emb_mles__encoder_transf_mlm_01        0.806 0.004   0.802   0.810 0.003  [0.804 0.804 0.808 0.811 0.803]    0.208     0.079  -21.759     0.000  -0.036      0.004    -0.040    -0.032     -4.256         0.451       -4.707       -3.805
           emb_mles__encoder_transf_mlm_02        0.777 0.009   0.768   0.787 0.008  [0.776 0.765 0.782 0.779 0.785]    0.040     0.004  -18.423     0.000  -0.064      0.008    -0.072    -0.056     -7.638         0.956       -8.594       -6.682
           emb_mles__encoder_transf_mlm_03        0.803 0.005   0.798   0.808 0.004  [0.798 0.804 0.803 0.808 0.802]    0.160     0.052  -20.937     0.000  -0.039      0.004    -0.043    -0.034     -4.577         0.504       -5.081       -4.073
           emb_mles__encoder_transf_mlm_04        0.787 0.007   0.781   0.794 0.005  [0.780 0.787 0.787 0.795 0.788]    0.079     0.015  -21.407     0.000  -0.054      0.006    -0.060    -0.048     -6.440         0.694       -7.133       -5.746
           emb_mles__encoder_transf_mlm_05        0.791 0.012   0.779   0.803 0.010  [0.805 0.779 0.788 0.786 0.797]    0.023     0.002  -11.159     0.000  -0.051      0.010    -0.061    -0.040     -6.007         1.241       -7.248       -4.766
           emb_mles__encoder_transf_mlm_06        0.780 0.012   0.768   0.791 0.009  [0.790 0.785 0.780 0.765 0.778]    0.026     0.002  -14.503     0.000  -0.062      0.010    -0.072    -0.052     -7.351         1.169       -8.520       -6.182
           emb_mles__encoder_transf_mlm_07        0.786 0.005   0.781   0.791 0.004  [0.791 0.786 0.788 0.787 0.779]    0.132     0.038  -27.649     0.000  -0.055      0.005    -0.060    -0.051     -6.579         0.549       -7.128       -6.031
           emb_mles__encoder_transf_mlm_10        0.779 0.004   0.775   0.783 0.003  [0.778 0.785 0.779 0.777 0.778]    0.222     0.087  -38.785     0.000  -0.062      0.004    -0.066    -0.059     -7.393         0.440       -7.832       -6.953
           emb_mles__encoder_transf_mlm_11        0.791 0.005   0.785   0.796 0.004  [0.785 0.796 0.793 0.790 0.789]    0.138     0.041  -26.016     0.000  -0.051      0.005    -0.056    -0.046     -6.062         0.537       -6.599       -5.525
           emb_mles__encoder_transf_mlm_12        0.788 0.007   0.781   0.795 0.006  [0.792 0.794 0.787 0.780 0.787]    0.076     0.014  -20.819     0.000  -0.054      0.006    -0.060    -0.048     -6.378         0.706       -7.085       -5.672
           emb_mles__encoder_transf_mlm_13        0.785 0.009   0.776   0.794 0.007  [0.778 0.796 0.788 0.780 0.782]    0.043     0.005  -16.989     0.000  -0.057      0.008    -0.065    -0.049     -6.760         0.918       -7.678       -5.842
           emb_mles__encoder_transf_mlm_14        0.790 0.007   0.783   0.797 0.006  [0.792 0.798 0.790 0.782 0.789]    0.069     0.012  -19.127     0.000  -0.051      0.006    -0.058    -0.045     -6.107         0.736       -6.843       -5.371
           emb_mles__encoder_transf_mlm_15        0.780 0.010   0.771   0.790 0.008  [0.783 0.783 0.790 0.771 0.774]    0.038     0.004  -17.260     0.000  -0.061      0.008    -0.070    -0.053     -7.286         0.973       -8.259       -6.312
           mles_embeddings                        0.842 0.002   0.840   0.844 0.002  [0.840 0.844 0.842 0.840 0.842]    1.000     0.500    0.000     0.500   0.000      0.002    -0.002     0.002      0.000         0.265       -0.265        0.265

------------------------------------------------------------------------------------------------------------------------
Metric: "accuracy"
split_name                                  scores_valid                                                                                                                                                                                             
                                                    mean  t_pm t_int_l t_int_h   std                           values t_f_stat t_f_alpha t_t_stat t_t_alpha t_delta t_delta_pm t_delta_l t_delta_h t_delta_pp t_delta_pm_pp t_delta_l_pp t_delta_h_pp
model_name feature_name                                                                                                                                                                                                                              
lgbm       emb_mles__encoder_transf                0.711 0.013   0.699   0.724 0.010  [0.707 0.709 0.723 0.698 0.719]    1.156     0.554   -5.167     0.000  -0.034      0.015    -0.050    -0.019     -4.620         2.062       -6.682       -2.558
           emb_mles__encoder_transf_01             0.715 0.022   0.693   0.738 0.018  [0.728 0.689 0.736 0.710 0.714]    0.369     0.179   -3.214     0.006  -0.030      0.022    -0.052    -0.009     -4.054         2.909       -6.962       -1.145
           emb_mles__encoder_transf_02             0.683 0.007   0.675   0.690 0.006  [0.687 0.690 0.683 0.676 0.678]    3.294     0.863  -11.284     0.000  -0.063      0.013    -0.076    -0.050     -8.435         1.724      -10.159       -6.711
           emb_mles__encoder_transf_03             0.705 0.013   0.691   0.718 0.011  [0.710 0.691 0.718 0.697 0.708]    1.041     0.515   -5.982     0.000  -0.041      0.016    -0.057    -0.025     -5.484         2.114       -7.598       -3.370
           emb_mles__encoder_transf_04             0.694 0.010   0.684   0.704 0.008  [0.700 0.702 0.682 0.690 0.694]    1.845     0.716   -8.542     0.000  -0.052      0.014    -0.066    -0.038     -6.945         1.875       -8.820       -5.070
           emb_mles__encoder_transf_05             0.716 0.017   0.699   0.732 0.014  [0.709 0.716 0.739 0.709 0.706]    0.650     0.343   -3.857     0.002  -0.030      0.018    -0.048    -0.012     -4.024         2.406       -6.430       -1.618
           emb_mles__encoder_transf_05_1           0.709 0.010   0.699   0.719 0.008  [0.716 0.708 0.718 0.699 0.703]    1.867     0.720   -6.098     0.000  -0.037      0.014    -0.051    -0.023     -4.948         1.871       -6.819       -3.077
           emb_mles__encoder_transf_05_p           0.701 0.007   0.694   0.708 0.006  [0.691 0.706 0.702 0.704 0.701]    3.614     0.879   -8.099     0.000  -0.045      0.013    -0.057    -0.032     -5.991         1.706       -7.697       -4.285
           emb_mles__encoder_transf_06             0.646 0.015   0.632   0.661 0.012  [0.653 0.642 0.661 0.646 0.630]    0.864     0.445  -13.823     0.000  -0.099      0.017    -0.116    -0.083    -13.294         2.218      -15.511      -11.076
           emb_mles__encoder_transf_06_2           0.721 0.012   0.709   0.733 0.010  [0.710 0.716 0.734 0.727 0.719]    1.295     0.596   -3.762     0.003  -0.024      0.015    -0.039    -0.009     -3.279         2.010       -5.288       -1.269
           emb_mles__encoder_transf_06_3           0.718 0.012   0.706   0.730 0.010  [0.713 0.726 0.730 0.706 0.717]    1.257     0.585   -4.179     0.002  -0.027      0.015    -0.042    -0.012     -3.666         2.023       -5.689       -1.643
           emb_mles__encoder_transf_07             0.712 0.010   0.702   0.723 0.008  [0.712 0.706 0.724 0.704 0.716]    1.797     0.708   -5.437     0.000  -0.033      0.014    -0.047    -0.019     -4.441         1.884       -6.325       -2.558
           emb_mles__encoder_transf_08             0.721 0.005   0.717   0.726 0.004  [0.722 0.720 0.727 0.721 0.717]    9.019     0.972   -4.708     0.001  -0.024      0.012    -0.036    -0.012     -3.249         1.591       -4.840       -1.658
           emb_mles__encoder_transf_09             0.716 0.010   0.706   0.726 0.008  [0.711 0.708 0.729 0.717 0.716]    1.845     0.716   -4.876     0.001  -0.030      0.014    -0.044    -0.016     -3.964         1.875       -5.839       -2.089
           emb_mles__encoder_transf_10             0.716 0.012   0.704   0.729 0.010  [0.699 0.722 0.723 0.720 0.718]    1.181     0.562   -4.389     0.001  -0.029      0.015    -0.044    -0.014     -3.905         2.052       -5.956       -1.853
           emb_mles__encoder_transf_11_0009        0.716 0.011   0.705   0.727 0.009  [0.726 0.714 0.720 0.702 0.720]    1.515     0.651   -4.629     0.001  -0.029      0.015    -0.044    -0.015     -3.905         1.945       -5.850       -1.959
           emb_mles__encoder_transf_11_0019        0.713 0.007   0.705   0.720 0.006  [0.704 0.714 0.721 0.713 0.711]    3.294     0.863   -5.861     0.000  -0.033      0.013    -0.046    -0.020     -4.382         1.724       -6.105       -2.658
           emb_mles__encoder_transf_11_0029        0.716 0.014   0.701   0.730 0.011  [0.722 0.718 0.729 0.709 0.700]    0.928     0.472   -4.264     0.001  -0.030      0.016    -0.046    -0.014     -4.024         2.176       -6.200       -1.848
           emb_mles__encoder_transf_11_0039        0.713 0.011   0.702   0.724 0.009  [0.711 0.710 0.728 0.704 0.711]    1.549     0.659   -5.217     0.000  -0.033      0.014    -0.047    -0.018     -4.382         1.937       -6.318       -2.445
           emb_mles__encoder_transf_11_0049        0.713 0.009   0.704   0.721 0.007  [0.712 0.712 0.721 0.702 0.716]    2.520     0.804   -5.701     0.000  -0.033      0.013    -0.046    -0.020     -4.411         1.784       -6.196       -2.627
           emb_mles__encoder_transf_12_0009        0.714 0.016   0.698   0.729 0.013  [0.718 0.698 0.732 0.709 0.712]    0.746     0.392   -4.256     0.001  -0.032      0.017    -0.049    -0.015     -4.262         2.309       -6.572       -1.953
           emb_mles__encoder_transf_12_0019        0.715 0.020   0.695   0.735 0.016  [0.696 0.713 0.726 0.736 0.703]    0.454     0.231   -3.535     0.004  -0.031      0.020    -0.051    -0.011     -4.143         2.703       -6.846       -1.441
           emb_mles__encoder_transf_12_0029        0.708 0.016   0.692   0.724 0.013  [0.693 0.701 0.717 0.726 0.703]    0.714     0.376   -4.965     0.001  -0.038      0.017    -0.055    -0.020     -5.037         2.339       -7.377       -2.698
           emb_mles__encoder_transf_12_0039        0.710 0.008   0.702   0.718 0.007  [0.710 0.708 0.708 0.721 0.703]    2.681     0.819   -6.216     0.000  -0.036      0.013    -0.049    -0.022     -4.769         1.769       -6.538       -3.000
           emb_mles__encoder_transf_12_0049        0.701 0.014   0.686   0.715 0.012  [0.694 0.688 0.710 0.716 0.696]    0.883     0.453   -6.297     0.000  -0.045      0.016    -0.061    -0.028     -6.021         2.205       -8.226       -3.816
           emb_mles__encoder_transf_12_0059        0.710 0.013   0.697   0.723 0.011  [0.706 0.706 0.714 0.726 0.698]    1.058     0.521   -5.255     0.000  -0.036      0.016    -0.051    -0.020     -4.799         2.106       -6.904       -2.693
           emb_mles__encoder_transf_12_0069        0.707 0.011   0.696   0.718 0.009  [0.711 0.697 0.710 0.719 0.700]    1.478     0.643   -6.047     0.000  -0.038      0.015    -0.053    -0.024     -5.127         1.955       -7.082       -3.172
           emb_mles__encoder_transf_12_0079        0.706 0.015   0.691   0.720 0.012  [0.699 0.704 0.718 0.717 0.690]    0.850     0.439   -5.555     0.000  -0.040      0.017    -0.057    -0.023     -5.365         2.227       -7.592       -3.138
           emb_mles__encoder_transf_12_0089        0.709 0.012   0.696   0.721 0.010  [0.703 0.701 0.712 0.724 0.702]    1.226     0.576   -5.609     0.000  -0.037      0.015    -0.052    -0.022     -4.948         2.034       -6.982       -2.914
           emb_mles__encoder_transf_12_0099        0.707 0.013   0.694   0.720 0.010  [0.696 0.708 0.718 0.717 0.698]    1.118     0.542   -5.722     0.000  -0.038      0.015    -0.054    -0.023     -5.156         2.078       -7.234       -3.079
           emb_mles__encoder_transf_mlm_01         0.700 0.011   0.689   0.712 0.009  [0.713 0.696 0.707 0.691 0.696]    1.403     0.625   -7.061     0.000  -0.045      0.015    -0.060    -0.030     -6.051         1.976       -8.027       -4.075
           emb_mles__encoder_transf_mlm_02         0.682 0.018   0.664   0.699 0.014  [0.707 0.678 0.676 0.671 0.677]    0.586     0.308   -7.968     0.000  -0.064      0.019    -0.083    -0.045     -8.584         2.484      -11.069       -6.100
           emb_mles__encoder_transf_mlm_03         0.702 0.019   0.683   0.721 0.015  [0.723 0.683 0.704 0.692 0.707]    0.514     0.268   -5.199     0.000  -0.044      0.019    -0.063    -0.024     -5.842         2.591       -8.433       -3.251
           emb_mles__encoder_transf_mlm_04         0.689 0.022   0.668   0.711 0.018  [0.716 0.683 0.694 0.686 0.668]    0.388     0.191   -6.089     0.000  -0.056      0.021    -0.078    -0.035     -7.541         2.856      -10.397       -4.685
           emb_mles__encoder_transf_mlm_05         0.682 0.016   0.665   0.698 0.013  [0.690 0.662 0.688 0.674 0.693]    0.708     0.373   -8.441     0.000  -0.064      0.017    -0.081    -0.047     -8.584         2.345      -10.929       -6.239
           emb_mles__encoder_transf_mlm_06         0.688 0.020   0.669   0.708 0.016  [0.689 0.691 0.709 0.688 0.664]    0.476     0.245   -6.669     0.000  -0.057      0.020    -0.077    -0.038     -7.690         2.659      -10.349       -5.031
           emb_mles__encoder_transf_mlm_07         0.685 0.014   0.671   0.699 0.011  [0.694 0.691 0.691 0.680 0.668]    0.982     0.493   -8.747     0.000  -0.061      0.016    -0.077    -0.045     -8.137         2.145      -10.282       -5.992
           emb_mles__encoder_transf_mlm_10         0.723 0.013   0.710   0.736 0.011  [0.724 0.718 0.721 0.740 0.711]    1.029     0.511   -3.307     0.005  -0.023      0.016    -0.038    -0.007     -3.040         2.120       -5.160       -0.920
           emb_mles__encoder_transf_mlm_11         0.713 0.019   0.694   0.733 0.016  [0.736 0.699 0.721 0.699 0.712]    0.490     0.253   -3.785     0.003  -0.032      0.020    -0.052    -0.013     -4.322         2.633       -6.955       -1.689
           emb_mles__encoder_transf_mlm_12         0.714 0.004   0.710   0.717 0.003  [0.711 0.712 0.711 0.717 0.717]   14.403     0.988   -6.339     0.000  -0.032      0.012    -0.044    -0.020     -4.292         1.561       -5.853       -2.731
           emb_mles__encoder_transf_mlm_13         0.707 0.019   0.688   0.726 0.015  [0.702 0.689 0.731 0.710 0.704]    0.503     0.261   -4.530     0.001  -0.038      0.019    -0.058    -0.019     -5.127         2.610       -7.736       -2.517
           emb_mles__encoder_transf_mlm_14         0.715 0.009   0.706   0.724 0.007  [0.720 0.702 0.716 0.717 0.719]    2.314     0.782   -5.288     0.000  -0.031      0.013    -0.044    -0.017     -4.143         1.807       -5.950       -2.336
           emb_mles__encoder_transf_mlm_15         0.717 0.005   0.711   0.722 0.004  [0.713 0.723 0.714 0.713 0.719]    6.226     0.948   -5.494     0.000  -0.029      0.012    -0.041    -0.017     -3.875         1.627       -5.501       -2.248
           mles_embeddings                         0.746 0.014   0.732   0.759 0.011  [0.759 0.737 0.751 0.749 0.732]    1.000     0.500    0.000     0.500   0.000      0.016    -0.016     0.016      0.000         2.135       -2.135        2.135
split_name                                  scores_test                                                                                                                                                                                             
                                                   mean  t_pm t_int_l t_int_h   std                           values t_f_stat t_f_alpha t_t_stat t_t_alpha t_delta t_delta_pm t_delta_l t_delta_h t_delta_pp t_delta_pm_pp t_delta_l_pp t_delta_h_pp
model_name feature_name                                                                                                                                                                                                                             
lgbm       emb_mles__encoder_transf               0.721 0.012   0.709   0.733 0.010  [0.716 0.736 0.716 0.726 0.712]    0.580     0.305   -9.117     0.000  -0.050      0.013    -0.063    -0.037     -6.483         1.640       -8.123       -4.843
           emb_mles__encoder_transf_01            0.726 0.014   0.712   0.739 0.011  [0.708 0.738 0.730 0.724 0.728]    0.450     0.229   -7.643     0.000  -0.046      0.014    -0.059    -0.032     -5.913         1.784       -7.697       -4.129
           emb_mles__encoder_transf_02            0.714 0.010   0.704   0.724 0.008  [0.726 0.716 0.710 0.714 0.704]    0.836     0.433  -11.618     0.000  -0.057      0.011    -0.069    -0.046     -7.417         1.472       -8.889       -5.945
           emb_mles__encoder_transf_03            0.733 0.013   0.720   0.746 0.011  [0.740 0.736 0.736 0.738 0.714]    0.488     0.252   -6.617     0.000  -0.038      0.013    -0.052    -0.025     -4.979         1.735       -6.715       -3.244
           emb_mles__encoder_transf_04            0.723 0.011   0.712   0.734 0.009  [0.718 0.724 0.736 0.712 0.726]    0.680     0.359   -9.190     0.000  -0.048      0.012    -0.060    -0.036     -6.224         1.562       -7.786       -4.662
           emb_mles__encoder_transf_05            0.729 0.016   0.713   0.745 0.013  [0.716 0.748 0.724 0.736 0.720]    0.322     0.149   -6.301     0.000  -0.042      0.016    -0.058    -0.027     -5.498         2.012       -7.510       -3.486
           emb_mles__encoder_transf_05_1          0.731 0.012   0.719   0.744 0.010  [0.724 0.734 0.746 0.732 0.720]    0.545     0.286   -7.152     0.000  -0.040      0.013    -0.053    -0.027     -5.187         1.672       -6.859       -3.514
           emb_mles__encoder_transf_05_p          0.724 0.010   0.715   0.734 0.008  [0.718 0.718 0.734 0.732 0.720]    0.879     0.452   -9.634     0.000  -0.047      0.011    -0.058    -0.036     -6.068         1.453       -7.521       -4.616
           emb_mles__encoder_transf_06            0.672 0.017   0.654   0.689 0.014  [0.684 0.650 0.680 0.678 0.666]    0.289     0.128  -14.200     0.000  -0.100      0.016    -0.116    -0.083    -12.915         2.097      -15.012      -10.818
           emb_mles__encoder_transf_06_2          0.722 0.005   0.717   0.726 0.004  [0.724 0.720 0.716 0.722 0.726]    3.730     0.885  -13.256     0.000  -0.050      0.009    -0.058    -0.041     -6.432         1.119       -7.550       -5.313
           emb_mles__encoder_transf_06_3          0.729 0.016   0.714   0.745 0.013  [0.710 0.728 0.744 0.736 0.728]    0.347     0.165   -6.414     0.000  -0.042      0.015    -0.057    -0.027     -5.446         1.958       -7.404       -3.488
           emb_mles__encoder_transf_07            0.723 0.005   0.717   0.728 0.004  [0.724 0.720 0.720 0.720 0.730]    2.875     0.835  -12.547     0.000  -0.048      0.009    -0.057    -0.040     -6.276         1.153       -7.429       -5.122
           emb_mles__encoder_transf_08            0.741 0.010   0.731   0.751 0.008  [0.742 0.750 0.744 0.728 0.740]    0.847     0.438   -6.195     0.000  -0.030      0.011    -0.042    -0.019     -3.942         1.467       -5.409       -2.475
           emb_mles__encoder_transf_09            0.726 0.008   0.718   0.735 0.007  [0.726 0.718 0.734 0.732 0.722]    1.232     0.578  -10.018     0.000  -0.045      0.010    -0.055    -0.034     -5.809         1.337       -7.146       -4.472
           emb_mles__encoder_transf_10            0.739 0.012   0.727   0.751 0.009  [0.730 0.740 0.754 0.740 0.732]    0.619     0.327   -5.955     0.000  -0.032      0.012    -0.044    -0.020     -4.149         1.607       -5.756       -2.542
           emb_mles__encoder_transf_11_0009       0.747 0.016   0.731   0.763 0.013  [0.740 0.760 0.762 0.734 0.740]    0.334     0.157   -3.615     0.003  -0.024      0.015    -0.039    -0.009     -3.112         1.985       -5.097       -1.127
           emb_mles__encoder_transf_11_0019       0.725 0.011   0.714   0.737 0.009  [0.728 0.734 0.710 0.724 0.730]    0.648     0.342   -8.681     0.000  -0.046      0.012    -0.058    -0.034     -5.965         1.584       -7.549       -4.380
           emb_mles__encoder_transf_11_0029       0.726 0.009   0.718   0.735 0.007  [0.722 0.726 0.738 0.726 0.720]    1.131     0.546   -9.823     0.000  -0.045      0.011    -0.055    -0.034     -5.809         1.364       -7.173       -4.445
           emb_mles__encoder_transf_11_0039       0.727 0.016   0.711   0.743 0.013  [0.706 0.738 0.730 0.736 0.724]    0.334     0.157   -6.687     0.000  -0.044      0.015    -0.060    -0.029     -5.757         1.985       -7.743       -3.772
           emb_mles__encoder_transf_11_0049       0.720 0.005   0.714   0.725 0.004  [0.716 0.716 0.718 0.722 0.726]    2.936     0.839  -13.413     0.000  -0.052      0.009    -0.060    -0.043     -6.691         1.150       -7.841       -5.541
           emb_mles__encoder_transf_12_0009       0.732 0.016   0.716   0.748 0.013  [0.720 0.726 0.754 0.730 0.730]    0.329     0.153   -5.867     0.000  -0.039      0.015    -0.055    -0.024     -5.083         1.998       -7.081       -3.085
           emb_mles__encoder_transf_12_0019       0.737 0.011   0.726   0.748 0.009  [0.740 0.748 0.728 0.728 0.740]    0.734     0.386   -6.736     0.000  -0.034      0.012    -0.046    -0.023     -4.461         1.527       -5.988       -2.934
           emb_mles__encoder_transf_12_0029       0.736 0.011   0.725   0.746 0.009  [0.738 0.748 0.734 0.734 0.724]    0.738     0.388   -6.982     0.000  -0.036      0.012    -0.047    -0.024     -4.616         1.525       -6.141       -3.091
           emb_mles__encoder_transf_12_0039       0.742 0.012   0.730   0.754 0.009  [0.742 0.748 0.748 0.726 0.746]    0.642     0.339   -5.495     0.000  -0.029      0.012    -0.041    -0.017     -3.786         1.589       -5.375       -2.197
           emb_mles__encoder_transf_12_0049       0.734 0.010   0.724   0.745 0.008  [0.744 0.740 0.726 0.726 0.736]    0.826     0.429   -7.450     0.000  -0.037      0.011    -0.048    -0.025     -4.772         1.477       -6.249       -3.295
           emb_mles__encoder_transf_12_0059       0.743 0.009   0.734   0.752 0.007  [0.746 0.738 0.754 0.742 0.736]    1.078     0.528   -6.070     0.000  -0.028      0.011    -0.039    -0.017     -3.631         1.379       -5.010       -2.251
           emb_mles__encoder_transf_12_0069       0.742 0.011   0.732   0.753 0.009  [0.742 0.750 0.752 0.732 0.736]    0.738     0.388   -5.648     0.000  -0.029      0.012    -0.041    -0.017     -3.734         1.525       -5.259       -2.210
           emb_mles__encoder_transf_12_0079       0.741 0.012   0.729   0.753 0.009  [0.740 0.756 0.742 0.730 0.738]    0.619     0.327   -5.582     0.000  -0.030      0.012    -0.042    -0.018     -3.890         1.607       -5.497       -2.283
           emb_mles__encoder_transf_12_0089       0.740 0.010   0.730   0.751 0.008  [0.738 0.750 0.748 0.732 0.734]    0.826     0.429   -6.235     0.000  -0.031      0.011    -0.042    -0.019     -3.994         1.477       -5.471       -2.517
           emb_mles__encoder_transf_12_0099       0.739 0.022   0.717   0.761 0.018  [0.750 0.762 0.738 0.730 0.716]    0.175     0.060   -3.718     0.003  -0.032      0.020    -0.052    -0.012     -4.149         2.574       -6.723       -1.576
           emb_mles__encoder_transf_mlm_01        0.722 0.008   0.714   0.730 0.006  [0.718 0.726 0.730 0.714 0.720]    1.353     0.612  -11.320     0.000  -0.050      0.010    -0.060    -0.039     -6.432         1.310       -7.742       -5.121
           emb_mles__encoder_transf_mlm_02        0.710 0.021   0.689   0.731 0.017  [0.714 0.686 0.728 0.700 0.722]    0.190     0.069   -7.365     0.000  -0.061      0.019    -0.080    -0.042     -7.936         2.485      -10.420       -5.451
           emb_mles__encoder_transf_mlm_03        0.729 0.010   0.718   0.739 0.008  [0.728 0.740 0.722 0.720 0.734]    0.798     0.416   -8.500     0.000  -0.042      0.012    -0.054    -0.031     -5.498         1.491       -6.989       -4.006
           emb_mles__encoder_transf_mlm_04        0.719 0.015   0.705   0.734 0.012  [0.714 0.702 0.720 0.730 0.730]    0.397     0.196   -8.340     0.000  -0.052      0.014    -0.066    -0.038     -6.743         1.864       -8.607       -4.878
           emb_mles__encoder_transf_mlm_05        0.718 0.016   0.703   0.734 0.013  [0.738 0.716 0.710 0.706 0.722]    0.352     0.168   -8.109     0.000  -0.053      0.015    -0.068    -0.038     -6.846         1.947       -8.794       -4.899
           emb_mles__encoder_transf_mlm_06        0.694 0.016   0.678   0.710 0.013  [0.710 0.680 0.704 0.684 0.690]    0.331     0.155  -11.646     0.000  -0.078      0.015    -0.093    -0.062    -10.062         1.992      -12.055       -8.070
           emb_mles__encoder_transf_mlm_07        0.699 0.020   0.679   0.719 0.016  [0.700 0.706 0.720 0.692 0.676]    0.207     0.078   -9.016     0.000  -0.072      0.019    -0.091    -0.054     -9.388         2.401      -11.789       -6.987
           emb_mles__encoder_transf_mlm_10        0.716 0.009   0.707   0.725 0.007  [0.722 0.722 0.714 0.704 0.718]    0.986     0.495  -11.705     0.000  -0.055      0.011    -0.066    -0.044     -7.158         1.410       -8.568       -5.748
           emb_mles__encoder_transf_mlm_11        0.734 0.012   0.722   0.746 0.009  [0.720 0.730 0.738 0.738 0.744]    0.642     0.339   -7.000     0.000  -0.037      0.012    -0.049    -0.025     -4.824         1.589       -6.413       -3.235
           emb_mles__encoder_transf_mlm_12        0.718 0.005   0.712   0.723 0.004  [0.718 0.712 0.718 0.716 0.724]    2.936     0.839  -13.933     0.000  -0.054      0.009    -0.062    -0.045     -6.950         1.150       -8.101       -5.800
           emb_mles__encoder_transf_mlm_13        0.724 0.014   0.710   0.738 0.011  [0.708 0.732 0.718 0.728 0.736]    0.429     0.216   -7.715     0.000  -0.047      0.014    -0.061    -0.033     -6.068         1.814       -7.882       -4.255
           emb_mles__encoder_transf_mlm_14        0.719 0.013   0.706   0.732 0.010  [0.722 0.726 0.718 0.702 0.728]    0.515     0.268   -9.124     0.000  -0.052      0.013    -0.065    -0.039     -6.743         1.704       -8.447       -5.039
           emb_mles__encoder_transf_mlm_15        0.720 0.015   0.705   0.735 0.012  [0.736 0.714 0.728 0.716 0.706]    0.389     0.191   -8.153     0.000  -0.051      0.014    -0.066    -0.037     -6.639         1.878       -8.517       -4.761
           mles_embeddings                        0.771 0.009   0.762   0.780 0.007  [0.762 0.770 0.768 0.782 0.774]    1.000     0.500    0.000     0.500   0.000      0.011    -0.011     0.011      0.000         1.405       -1.405        1.405

------------------------------------------------------------------------------------------------------------------------
End of report.     Current time: 2022-02-03 21:15:19
------------------------------------------------------------------------------------------------------------------------
