------------------------------------------------------------------------------------------------------------------------
Vector testing report
Params:
    conf: "conf/embeddings_validation_short_1600856876.hocon"

Collected 45 files with 0 errors

------------------------------------------------------------------------------------------------------------------------
Metric: "auroc"
                                      scores_valid                                                                                                                 
                                              mean  t_pm t_int_l t_int_h   std                           values t_f_stat t_f_alpha t_t_stat t_t_alpha    t_A t_A_pp
model_name feature_name                                                                                                                                            
lgbm       emb_mles__hidden_size_0032        0.783 0.015   0.768   0.798 0.012  [0.793 0.769 0.797 0.784 0.773]    1.225     0.576   -4.835     0.001 -0.055 -6.654
           emb_mles__hidden_size_0064        0.799 0.008   0.791   0.807 0.006  [0.803 0.793 0.805 0.803 0.791]    4.545     0.914   -3.540     0.004 -0.036 -4.398
           emb_mles__hidden_size_0128        0.814 0.012   0.803   0.826 0.009  [0.815 0.798 0.823 0.817 0.818]    2.054     0.749   -1.095     0.153 -0.022 -2.656
           emb_mles__hidden_size_0256        0.821 0.015   0.807   0.836 0.012  [0.836 0.805 0.826 0.824 0.814]    1.336     0.607   -0.174     0.433 -0.016 -1.984
           emb_mles__hidden_size_0512        0.818 0.009   0.808   0.827 0.007  [0.820 0.807 0.827 0.817 0.817]    3.426     0.870   -0.725     0.244 -0.018 -2.167
           emb_mles__hidden_size_1024        0.823 0.017   0.806   0.839 0.014  [0.837 0.803 0.831 0.815 0.827]    1.000     0.500    0.000     0.500 -0.016 -1.939
           emb_mles__hidden_size_2048        0.824 0.014   0.811   0.838 0.011  [0.837 0.810 0.829 0.816 0.831]    1.530     0.655    0.246     0.594 -0.013 -1.530
           emb_mles__hidden_size_3072        0.814 0.012   0.801   0.826 0.010  [0.828 0.801 0.813 0.813 0.813]    1.905     0.726   -1.202     0.132 -0.023 -2.788
           mles_embeddings                   0.823 0.017   0.806   0.839 0.014  [0.837 0.803 0.831 0.815 0.827]    1.000     0.500    0.000     0.500 -0.016 -1.939
                                      scores_test                                                                                                                 
                                             mean  t_pm t_int_l t_int_h   std                           values t_f_stat t_f_alpha t_t_stat t_t_alpha    t_A t_A_pp
model_name feature_name                                                                                                                                           
lgbm       emb_mles__hidden_size_0032       0.798 0.011   0.787   0.809 0.009  [0.807 0.807 0.791 0.788 0.796]    0.097     0.022  -11.226     0.000 -0.053 -6.298
           emb_mles__hidden_size_0064       0.827 0.004   0.823   0.830 0.003  [0.821 0.827 0.828 0.827 0.829]    0.780     0.408   -9.214     0.000 -0.020 -2.398
           emb_mles__hidden_size_0128       0.836 0.006   0.830   0.842 0.005  [0.836 0.843 0.835 0.835 0.830]    0.333     0.156   -3.090     0.007 -0.012 -1.419
           emb_mles__hidden_size_0256       0.851 0.004   0.847   0.855 0.003  [0.846 0.853 0.850 0.854 0.851]    0.680     0.359    3.819     0.997  0.004  0.441
           emb_mles__hidden_size_0512       0.845 0.003   0.842   0.848 0.002  [0.842 0.848 0.843 0.845 0.845]    1.269     0.589    0.759     0.765 -0.002 -0.211
           emb_mles__hidden_size_1024       0.843 0.003   0.840   0.847 0.003  [0.839 0.844 0.844 0.843 0.847]    1.000     0.500    0.000     0.500 -0.003 -0.377
           emb_mles__hidden_size_2048       0.836 0.005   0.831   0.841 0.004  [0.836 0.842 0.831 0.836 0.836]    0.511     0.266   -3.580     0.004 -0.011 -1.340
           emb_mles__hidden_size_3072       0.838 0.003   0.835   0.841 0.002  [0.840 0.835 0.837 0.840 0.840]    1.386     0.620   -3.333     0.005 -0.008 -0.976
           mles_embeddings                  0.843 0.003   0.840   0.847 0.003  [0.839 0.844 0.844 0.843 0.847]    1.000     0.500    0.000     0.500 -0.003 -0.377

------------------------------------------------------------------------------------------------------------------------
Metric: "accuracy"
                                      scores_valid                                                                                                                 
                                              mean  t_pm t_int_l t_int_h   std                           values t_f_stat t_f_alpha t_t_stat t_t_alpha    t_A t_A_pp
model_name feature_name                                                                                                                                            
lgbm       emb_mles__hidden_size_0032        0.712 0.012   0.700   0.724 0.010  [0.716 0.706 0.724 0.716 0.699]    3.253     0.860   -3.619     0.003 -0.050 -6.727
           emb_mles__hidden_size_0064        0.722 0.010   0.712   0.731 0.008  [0.714 0.724 0.731 0.726 0.712]    5.055     0.927   -2.690     0.014 -0.040 -5.347
           emb_mles__hidden_size_0128        0.740 0.008   0.731   0.748 0.007  [0.740 0.729 0.740 0.747 0.743]    7.163     0.959   -0.624     0.275 -0.021 -2.848
           emb_mles__hidden_size_0256        0.744 0.011   0.733   0.755 0.009  [0.753 0.732 0.740 0.752 0.742]    4.096     0.900   -0.124     0.452 -0.018 -2.376
           emb_mles__hidden_size_0512        0.745 0.011   0.734   0.756 0.009  [0.750 0.730 0.749 0.744 0.751]    4.230     0.904   -0.025     0.490 -0.017 -2.250
           emb_mles__hidden_size_1024        0.745 0.022   0.723   0.767 0.018  [0.764 0.723 0.749 0.730 0.759]    1.000     0.500    0.000     0.500 -0.021 -2.824
           emb_mles__hidden_size_2048        0.748 0.010   0.738   0.758 0.008  [0.760 0.740 0.742 0.749 0.750]    5.207     0.930    0.356     0.635 -0.013 -1.763
           emb_mles__hidden_size_3072        0.735 0.009   0.726   0.745 0.008  [0.747 0.726 0.737 0.733 0.733]    5.482     0.936   -1.149     0.142 -0.026 -3.514
           mles_embeddings                   0.745 0.022   0.723   0.767 0.018  [0.764 0.723 0.749 0.730 0.759]    1.000     0.500    0.000     0.500 -0.021 -2.824
                                      scores_test                                                                                                                 
                                             mean  t_pm t_int_l t_int_h   std                           values t_f_stat t_f_alpha t_t_stat t_t_alpha    t_A t_A_pp
model_name feature_name                                                                                                                                           
lgbm       emb_mles__hidden_size_0032       0.730 0.016   0.714   0.746 0.013  [0.744 0.728 0.732 0.710 0.736]    0.708     0.373   -4.437     0.001 -0.047 -6.102
           emb_mles__hidden_size_0064       0.751 0.007   0.744   0.758 0.006  [0.748 0.754 0.760 0.748 0.746]    3.410     0.869   -2.144     0.032 -0.022 -2.840
           emb_mles__hidden_size_0128       0.763 0.010   0.753   0.773 0.008  [0.772 0.770 0.760 0.760 0.752]    1.685     0.687    0.000     0.500 -0.011 -1.464
           emb_mles__hidden_size_0256       0.776 0.014   0.762   0.791 0.012  [0.764 0.766 0.780 0.792 0.780]    0.852     0.440    1.939     0.956  0.001  0.073
           emb_mles__hidden_size_0512       0.766 0.008   0.758   0.775 0.007  [0.760 0.770 0.762 0.764 0.776]    2.645     0.815    0.645     0.731 -0.007 -0.890
           emb_mles__hidden_size_1024       0.763 0.013   0.750   0.776 0.011  [0.768 0.754 0.752 0.778 0.762]    1.000     0.500    0.000     0.500 -0.013 -1.640
           emb_mles__hidden_size_2048       0.757 0.008   0.749   0.765 0.007  [0.758 0.758 0.748 0.766 0.754]    2.620     0.813   -1.073     0.157 -0.016 -2.150
           emb_mles__hidden_size_3072       0.765 0.009   0.756   0.774 0.007  [0.768 0.768 0.760 0.774 0.756]    2.211     0.769    0.419     0.657 -0.008 -1.083
           mles_embeddings                  0.763 0.013   0.750   0.776 0.011  [0.768 0.754 0.752 0.778 0.762]    1.000     0.500    0.000     0.500 -0.013 -1.640

------------------------------------------------------------------------------------------------------------------------
End of report.     Current time: 2020-09-23 10:28:03
------------------------------------------------------------------------------------------------------------------------
