------------------------------------------------------------------------------------------------------------------------
Vector testing report
Params:
    conf: "conf/embeddings_validation_short_1600856837.hocon"

Collected 20 files with 0 errors

------------------------------------------------------------------------------------------------------------------------
Metric: "auroc"
                                    scores_valid                                                                                                                 
                                            mean  t_pm t_int_l t_int_h   std                           values t_f_stat t_f_alpha t_t_stat t_t_alpha    t_A t_A_pp
model_name feature_name                                                                                                                                          
lgbm       emb_mles__encoder_gru           0.812 0.010   0.802   0.822 0.008  [0.819 0.798 0.815 0.813 0.814]    2.811     0.830   -1.494     0.087 -0.024 -2.880
           emb_mles__encoder_lstm          0.823 0.017   0.806   0.839 0.014  [0.837 0.803 0.831 0.815 0.827]    1.000     0.500    0.000     0.500 -0.016 -1.939
           emb_mles__encoder_transf        0.780 0.012   0.768   0.792 0.010  [0.776 0.776 0.793 0.785 0.768]    2.025     0.744   -5.774     0.000 -0.057 -6.881
           mles_embeddings                 0.823 0.017   0.806   0.839 0.014  [0.837 0.803 0.831 0.815 0.827]    1.000     0.500    0.000     0.500 -0.016 -1.939
                                    scores_test                                                                                                                 
                                           mean  t_pm t_int_l t_int_h   std                           values t_f_stat t_f_alpha t_t_stat t_t_alpha    t_A t_A_pp
model_name feature_name                                                                                                                                         
lgbm       emb_mles__encoder_gru          0.824 0.008   0.816   0.831 0.006  [0.819 0.822 0.820 0.834 0.823]    0.187     0.066   -6.490     0.000 -0.025 -3.017
           emb_mles__encoder_lstm         0.843 0.003   0.840   0.847 0.003  [0.839 0.844 0.844 0.843 0.847]    1.000     0.500    0.000     0.500 -0.003 -0.377
           emb_mles__encoder_transf       0.797 0.010   0.787   0.806 0.008  [0.795 0.810 0.791 0.793 0.795]    0.123     0.033  -12.784     0.000 -0.053 -6.334
           mles_embeddings                0.843 0.003   0.840   0.847 0.003  [0.839 0.844 0.844 0.843 0.847]    1.000     0.500    0.000     0.500 -0.003 -0.377

------------------------------------------------------------------------------------------------------------------------
Metric: "accuracy"
                                    scores_valid                                                                                                                 
                                            mean  t_pm t_int_l t_int_h   std                           values t_f_stat t_f_alpha t_t_stat t_t_alpha    t_A t_A_pp
model_name feature_name                                                                                                                                          
lgbm       emb_mles__encoder_gru           0.735 0.011   0.724   0.747 0.009  [0.746 0.723 0.732 0.731 0.743]    3.769     0.887   -1.111     0.149 -0.027 -3.588
           emb_mles__encoder_lstm          0.745 0.022   0.723   0.767 0.018  [0.764 0.723 0.749 0.730 0.759]    1.000     0.500    0.000     0.500 -0.021 -2.824
           emb_mles__encoder_transf        0.712 0.006   0.706   0.718 0.005  [0.716 0.712 0.718 0.710 0.706]   14.016     0.987   -3.971     0.002 -0.048 -6.481
           mles_embeddings                 0.745 0.022   0.723   0.767 0.018  [0.764 0.723 0.749 0.730 0.759]    1.000     0.500    0.000     0.500 -0.021 -2.824
                                    scores_test                                                                                                                 
                                           mean  t_pm t_int_l t_int_h   std                           values t_f_stat t_f_alpha t_t_stat t_t_alpha    t_A t_A_pp
model_name feature_name                                                                                                                                         
lgbm       emb_mles__encoder_gru          0.751 0.012   0.739   0.763 0.010  [0.740 0.746 0.754 0.766 0.750]    1.189     0.565   -1.797     0.055 -0.024 -3.095
           emb_mles__encoder_lstm         0.763 0.013   0.750   0.776 0.011  [0.768 0.754 0.752 0.778 0.762]    1.000     0.500    0.000     0.500 -0.013 -1.640
           emb_mles__encoder_transf       0.724 0.002   0.722   0.726 0.002  [0.726 0.722 0.726 0.724 0.722]   28.300     0.997   -8.014     0.000 -0.048 -6.267
           mles_embeddings                0.763 0.013   0.750   0.776 0.011  [0.768 0.754 0.752 0.778 0.762]    1.000     0.500    0.000     0.500 -0.013 -1.640

------------------------------------------------------------------------------------------------------------------------
End of report.     Current time: 2020-09-23 10:27:53
------------------------------------------------------------------------------------------------------------------------
