------------------------------------------------------------------------------------------------------------------------
Vector testing report
Params:
    conf: "conf/embeddings_validation_short_1639563668.hocon"

Collected 65 files with 0 errors

------------------------------------------------------------------------------------------------------------------------
Metric: "auroc"
split_name                                          scores_valid                                                                                                                                                                                             
                                                            mean  t_pm t_int_l t_int_h   std                           values t_f_stat t_f_alpha t_t_stat t_t_alpha t_delta t_delta_pm t_delta_l t_delta_h t_delta_pp t_delta_pm_pp t_delta_l_pp t_delta_h_pp
model_name feature_name                                                                                                                                                                                                                                      
lgbm       emb_mles__projection_head_rnn0128_prh064        0.809 0.013   0.796   0.822 0.011  [0.802 0.801 0.827 0.806 0.810]    0.883     0.454   -2.140     0.032  -0.014      0.015    -0.029     0.001     -1.678         1.809       -3.487        0.130
           emb_mles__projection_head_rnn0128_prh128        0.809 0.014   0.796   0.823 0.011  [0.818 0.800 0.822 0.797 0.811]    0.795     0.415   -2.037     0.038  -0.014      0.015    -0.029     0.002     -1.644         1.861       -3.505        0.217
           emb_mles__projection_head_rnn0128_prh256        0.805 0.013   0.791   0.818 0.011  [0.817 0.798 0.811 0.790 0.807]    0.846     0.438   -2.816     0.011  -0.018      0.015    -0.033    -0.003     -2.234         1.830       -4.064       -0.405
           emb_mles__projection_head_rnn0256_prh064        0.813 0.013   0.800   0.826 0.010  [0.814 0.797 0.825 0.815 0.816]    0.897     0.459   -1.494     0.087  -0.010      0.015    -0.024     0.005     -1.167         1.801       -2.969        0.634
           emb_mles__projection_head_rnn0256_prh128        0.809 0.010   0.800   0.819 0.008  [0.810 0.798 0.817 0.806 0.817]    1.558     0.661   -2.381     0.022  -0.013      0.013    -0.027    -0.000     -1.639         1.587       -3.226       -0.051
           emb_mles__projection_head_rnn0256_prh256        0.810 0.007   0.803   0.817 0.005  [0.812 0.803 0.815 0.806 0.815]    3.297     0.863   -2.562     0.017  -0.013      0.012    -0.025    -0.001     -1.571         1.414       -2.985       -0.157
           emb_mles__projection_head_rnn0512_prh064        0.812 0.011   0.802   0.823 0.009  [0.815 0.799 0.813 0.823 0.812]    1.299     0.597   -1.819     0.053  -0.011      0.014    -0.024     0.003     -1.300         1.648       -2.947        0.348
           emb_mles__projection_head_rnn0512_prh128        0.815 0.013   0.803   0.828 0.010  [0.821 0.798 0.823 0.814 0.820]    0.956     0.483   -1.189     0.134  -0.008      0.015    -0.022     0.007     -0.913         1.772       -2.685        0.859
           emb_mles__projection_head_rnn0512_prh256        0.811 0.006   0.804   0.817 0.005  [0.809 0.803 0.818 0.812 0.812]    3.585     0.878   -2.444     0.020  -0.012      0.012    -0.024    -0.001     -1.484         1.401       -2.885       -0.084
           emb_mles__projection_head_rnn1024_prh064        0.821 0.010   0.810   0.831 0.008  [0.828 0.807 0.825 0.818 0.824]    1.415     0.628   -0.427     0.340  -0.002      0.013    -0.016     0.011     -0.299         1.618       -1.918        1.319
           emb_mles__projection_head_rnn1024_prh128        0.818 0.015   0.803   0.833 0.012  [0.829 0.798 0.823 0.823 0.817]    0.688     0.363   -0.676     0.259  -0.005      0.016    -0.021     0.011     -0.569         1.940       -2.509        1.371
           emb_mles__projection_head_rnn1024_prh256        0.824 0.017   0.807   0.841 0.014  [0.833 0.803 0.833 0.816 0.833]    0.527     0.275    0.083     0.532   0.001      0.017    -0.017     0.018      0.076         2.109       -2.033        2.185
           mles_embeddings                                 0.823 0.012   0.811   0.835 0.010  [0.837 0.813 0.828 0.814 0.823]    1.000     0.500    0.000     0.500   0.000      0.014    -0.014     0.014      0.000         1.752       -1.752        1.752
split_name                                          scores_test                                                                                                                                                                                             
                                                           mean  t_pm t_int_l t_int_h   std                           values t_f_stat t_f_alpha t_t_stat t_t_alpha t_delta t_delta_pm t_delta_l t_delta_h t_delta_pp t_delta_pm_pp t_delta_l_pp t_delta_h_pp
model_name feature_name                                                                                                                                                                                                                                     
lgbm       emb_mles__projection_head_rnn0128_prh064       0.831 0.004   0.827   0.835 0.003  [0.827 0.833 0.836 0.829 0.831]    1.568     0.663   -5.982     0.000  -0.015      0.006    -0.020    -0.009     -1.723         0.664       -2.387       -1.059
           emb_mles__projection_head_rnn0128_prh128       0.828 0.003   0.825   0.831 0.002  [0.829 0.832 0.827 0.827 0.826]    3.034     0.846   -7.912     0.000  -0.017      0.005    -0.022    -0.012     -2.053         0.598       -2.652       -1.455
           emb_mles__projection_head_rnn0128_prh256       0.825 0.004   0.820   0.829 0.004  [0.820 0.823 0.825 0.830 0.826]    1.415     0.628   -8.422     0.000  -0.021      0.006    -0.027    -0.015     -2.476         0.678       -3.154       -1.798
           emb_mles__projection_head_rnn0256_prh064       0.839 0.006   0.833   0.845 0.005  [0.832 0.844 0.838 0.843 0.838]    0.740     0.389   -2.334     0.024  -0.007      0.007    -0.014    -0.000     -0.806         0.796       -1.602       -0.010
           emb_mles__projection_head_rnn0256_prh128       0.835 0.005   0.830   0.841 0.004  [0.830 0.840 0.837 0.831 0.838]    0.987     0.495   -3.825     0.003  -0.010      0.006    -0.017    -0.004     -1.221         0.736       -1.958       -0.485
           emb_mles__projection_head_rnn0256_prh256       0.833 0.003   0.830   0.836 0.002  [0.834 0.831 0.831 0.837 0.833]    3.270     0.861   -5.768     0.000  -0.013      0.005    -0.018    -0.008     -1.483         0.593       -2.076       -0.890
           emb_mles__projection_head_rnn0512_prh064       0.840 0.005   0.835   0.845 0.004  [0.837 0.840 0.834 0.842 0.846]    0.945     0.479   -2.075     0.036  -0.006      0.006    -0.012     0.001     -0.670         0.745       -1.414        0.075
           emb_mles__projection_head_rnn0512_prh128       0.819 0.009   0.810   0.827 0.007  [0.814 0.822 0.827 0.810 0.821]    0.386     0.190   -7.530     0.000  -0.027      0.008    -0.035    -0.019     -3.210         0.983       -4.193       -2.227
           emb_mles__projection_head_rnn0512_prh256       0.822 0.004   0.819   0.826 0.003  [0.822 0.827 0.821 0.823 0.819]    1.965     0.735   -9.975     0.000  -0.023      0.005    -0.029    -0.018     -2.758         0.638       -3.395       -2.120
           emb_mles__projection_head_rnn1024_prh064       0.843 0.004   0.839   0.847 0.003  [0.838 0.847 0.843 0.845 0.843]    1.743     0.698   -1.077     0.156  -0.003      0.006    -0.008     0.003     -0.304         0.651       -0.955        0.347
           emb_mles__projection_head_rnn1024_prh128       0.833 0.011   0.822   0.844 0.009  [0.819 0.834 0.841 0.835 0.838]    0.244     0.101   -2.916     0.010  -0.013      0.010    -0.022    -0.003     -1.481         1.171       -2.652       -0.310
           emb_mles__projection_head_rnn1024_prh256       0.836 0.008   0.829   0.844 0.006  [0.827 0.839 0.843 0.836 0.836]    0.491     0.254   -2.857     0.011  -0.009      0.008    -0.017    -0.002     -1.120         0.904       -2.025       -0.216
           mles_embeddings                                0.846 0.005   0.840   0.851 0.004  [0.851 0.843 0.846 0.848 0.840]    1.000     0.500    0.000     0.500   0.000      0.006    -0.006     0.006      0.000         0.734       -0.734        0.734

------------------------------------------------------------------------------------------------------------------------
Metric: "accuracy"
split_name                                          scores_valid                                                                                                                                                                                             
                                                            mean  t_pm t_int_l t_int_h   std                           values t_f_stat t_f_alpha t_t_stat t_t_alpha t_delta t_delta_pm t_delta_l t_delta_h t_delta_pp t_delta_pm_pp t_delta_l_pp t_delta_h_pp
model_name feature_name                                                                                                                                                                                                                                      
lgbm       emb_mles__projection_head_rnn0128_prh064        0.740 0.015   0.725   0.755 0.012  [0.741 0.721 0.749 0.737 0.751]    0.785     0.410   -1.214     0.130  -0.009      0.016    -0.025     0.008     -1.158         2.200       -3.358        1.042
           emb_mles__projection_head_rnn0128_prh128        0.734 0.010   0.723   0.744 0.008  [0.742 0.724 0.742 0.729 0.730]    1.675     0.685   -2.488     0.019  -0.015      0.014    -0.029    -0.001     -1.989         1.844       -3.833       -0.146
           emb_mles__projection_head_rnn0128_prh256        0.737 0.009   0.728   0.746 0.007  [0.743 0.729 0.733 0.734 0.746]    2.253     0.775   -1.992     0.041  -0.011      0.013    -0.024     0.002     -1.514         1.753       -3.267        0.239
           emb_mles__projection_head_rnn0256_prh064        0.744 0.011   0.733   0.755 0.009  [0.751 0.729 0.744 0.747 0.748]    1.493     0.646   -0.763     0.234  -0.005      0.014    -0.019     0.009     -0.624         1.885       -2.509        1.262
           emb_mles__projection_head_rnn0256_prh128        0.733 0.017   0.716   0.750 0.014  [0.737 0.721 0.720 0.736 0.753]    0.603     0.318   -1.958     0.043  -0.015      0.018    -0.033     0.003     -2.019         2.378       -4.397        0.359
           emb_mles__projection_head_rnn0256_prh256        0.736 0.012   0.724   0.749 0.010  [0.734 0.739 0.720 0.743 0.744]    1.145     0.551   -1.886     0.048  -0.012      0.015    -0.027     0.003     -1.633         1.997       -3.630        0.364
           emb_mles__projection_head_rnn0512_prh064        0.741 0.014   0.727   0.755 0.012  [0.744 0.729 0.729 0.752 0.751]    0.841     0.435   -1.047     0.163  -0.007      0.016    -0.023     0.009     -0.980         2.159       -3.138        1.179
           emb_mles__projection_head_rnn0512_prh128        0.747 0.016   0.731   0.764 0.013  [0.761 0.736 0.734 0.744 0.761]    0.647     0.342   -0.147     0.443  -0.001      0.017    -0.019     0.016     -0.148         2.327       -2.476        2.179
           emb_mles__projection_head_rnn0512_prh256        0.739 0.010   0.729   0.748 0.008  [0.737 0.731 0.734 0.741 0.751]    1.872     0.721   -1.629     0.071  -0.010      0.014    -0.023     0.004     -1.277         1.807       -3.084        0.530
           emb_mles__projection_head_rnn1024_prh064        0.746 0.013   0.733   0.758 0.010  [0.760 0.732 0.747 0.749 0.741]    1.072     0.526   -0.405     0.348  -0.003      0.015    -0.018     0.013     -0.356         2.028       -2.384        1.672
           emb_mles__projection_head_rnn1024_prh128        0.745 0.020   0.724   0.765 0.016  [0.764 0.719 0.749 0.746 0.746]    0.417     0.209   -0.433     0.338  -0.004      0.020    -0.024     0.016     -0.505         2.689       -3.194        2.184
           emb_mles__projection_head_rnn1024_prh256        0.751 0.016   0.735   0.767 0.013  [0.760 0.731 0.756 0.746 0.763]    0.660     0.349    0.355     0.634   0.003      0.017    -0.015     0.020      0.356         2.313       -1.957        2.670
           mles_embeddings                                 0.748 0.013   0.735   0.762 0.011  [0.764 0.744 0.751 0.736 0.747]    1.000     0.500    0.000     0.500   0.000      0.015    -0.015     0.015      0.000         2.063       -2.063        2.063
split_name                                          scores_test                                                                                                                                                                                             
                                                           mean  t_pm t_int_l t_int_h   std                           values t_f_stat t_f_alpha t_t_stat t_t_alpha t_delta t_delta_pm t_delta_l t_delta_h t_delta_pp t_delta_pm_pp t_delta_l_pp t_delta_h_pp
model_name feature_name                                                                                                                                                                                                                                     
lgbm       emb_mles__projection_head_rnn0128_prh064       0.758 0.010   0.748   0.768 0.008  [0.762 0.770 0.748 0.754 0.756]    0.297     0.133   -4.318     0.001  -0.018      0.010    -0.028    -0.009     -2.370         1.266       -3.636       -1.104
           emb_mles__projection_head_rnn0128_prh128       0.757 0.017   0.740   0.775 0.014  [0.760 0.758 0.772 0.734 0.762]    0.105     0.026   -2.908     0.010  -0.019      0.015    -0.034    -0.004     -2.473         1.961       -4.434       -0.512
           emb_mles__projection_head_rnn0128_prh256       0.746 0.016   0.729   0.762 0.013  [0.754 0.730 0.746 0.762 0.736]    0.123     0.033   -5.002     0.001  -0.031      0.014    -0.045    -0.017     -3.967         1.829       -5.796       -2.138
           emb_mles__projection_head_rnn0256_prh064       0.767 0.013   0.754   0.779 0.010  [0.756 0.770 0.756 0.776 0.776]    0.202     0.075   -1.928     0.045  -0.010      0.011    -0.021     0.002     -1.236         1.479       -2.716        0.243
           emb_mles__projection_head_rnn0256_prh128       0.764 0.019   0.745   0.783 0.015  [0.748 0.780 0.780 0.758 0.754]    0.092     0.020   -1.765     0.058  -0.012      0.016    -0.029     0.004     -1.597         2.087       -3.684        0.490
           emb_mles__projection_head_rnn0256_prh256       0.762 0.008   0.754   0.771 0.007  [0.770 0.762 0.754 0.768 0.758]    0.464     0.238   -3.865     0.002  -0.014      0.008    -0.022    -0.006     -1.803         1.076       -2.879       -0.727
           emb_mles__projection_head_rnn0512_prh064       0.759 0.011   0.748   0.769 0.009  [0.752 0.754 0.752 0.770 0.766]    0.284     0.125   -4.059     0.002  -0.018      0.010    -0.028    -0.008     -2.267         1.288       -3.555       -0.979
           emb_mles__projection_head_rnn0512_prh128       0.750 0.012   0.738   0.762 0.010  [0.748 0.744 0.766 0.740 0.752]    0.208     0.079   -5.371     0.000  -0.026      0.011    -0.038    -0.015     -3.400         1.460       -4.860       -1.940
           emb_mles__projection_head_rnn0512_prh256       0.745 0.007   0.738   0.752 0.006  [0.742 0.740 0.754 0.742 0.746]    0.667     0.352   -9.799     0.000  -0.032      0.007    -0.039    -0.024     -4.070         0.958       -5.028       -3.112
           emb_mles__projection_head_rnn1024_prh064       0.768 0.005   0.763   0.773 0.004  [0.772 0.772 0.764 0.764 0.770]    1.238     0.579   -2.917     0.010  -0.008      0.006    -0.014    -0.002     -1.030         0.814       -1.845       -0.216
           emb_mles__projection_head_rnn1024_prh128       0.753 0.011   0.742   0.764 0.009  [0.748 0.740 0.760 0.760 0.758]    0.263     0.112   -5.188     0.000  -0.023      0.010    -0.034    -0.013     -2.988         1.328       -4.316       -1.660
           emb_mles__projection_head_rnn1024_prh256       0.764 0.011   0.753   0.774 0.009  [0.764 0.750 0.772 0.770 0.762]    0.278     0.121   -2.927     0.010  -0.013      0.010    -0.023    -0.003     -1.649         1.299       -2.947       -0.350
           mles_embeddings                                0.776 0.006   0.771   0.782 0.005  [0.782 0.778 0.774 0.770 0.778]    1.000     0.500    0.000     0.500   0.000      0.007    -0.007     0.007      0.000         0.857       -0.857        0.857

------------------------------------------------------------------------------------------------------------------------
End of report.     Current time: 2021-12-15 10:22:46
------------------------------------------------------------------------------------------------------------------------
