------------------------------------------------------------------------------------------------------------------------
Vector testing report
Params:
    conf: "conf/embeddings_validation_another_baselines.hocon"

Collected 22 files with 0 errors

------------------------------------------------------------------------------------------------------------------------
Metric: "auroc"
                           scores_valid                                                                                                                                                                                             
                                   mean  t_pm t_int_l t_int_h   std                           values t_f_stat t_f_alpha t_t_stat t_t_alpha t_delta t_delta_pm t_delta_l t_delta_h t_delta_pp t_delta_pm_pp t_delta_l_pp t_delta_h_pp
model_name feature_name                                                                                                                                                                                                             
lgbm       mles_embeddings        0.819 0.011   0.808   0.830 0.009  [0.828 0.805 0.822 0.817 0.823]    1.000     0.500    0.000     0.500   0.000      0.013    -0.013     0.013      0.000         1.545       -1.545        1.545
           nsp_embeddings         0.818 0.012   0.805   0.830 0.010  [0.830 0.803 0.820 0.821 0.814]    0.756     0.396   -0.213     0.418  -0.001      0.014    -0.015     0.012     -0.154         1.665       -1.819        1.512
           rtd_embeddings         0.799 0.014   0.786   0.813 0.011  [0.808 0.783 0.809 0.794 0.803]    0.613     0.324   -3.138     0.007  -0.020      0.015    -0.034    -0.005     -2.412         1.772       -4.184       -0.640
           sop_embeddings         0.784 0.012   0.771   0.796 0.010  [0.791 0.772 0.797 0.780 0.780]    0.756     0.396   -5.946     0.000  -0.035      0.014    -0.049    -0.022     -4.294         1.665       -5.960       -2.629
nn         nsp_finetuning         0.805 0.019   0.785   0.824 0.016  [0.816 0.799 0.802 0.783 0.823]    0.309     0.141   -1.774     0.057  -0.014      0.018    -0.033     0.004     -1.731         2.250       -3.981        0.519
           rtd_finetuning         0.804 0.014   0.789   0.818 0.012  [0.810 0.799 0.797 0.791 0.821]    0.554     0.291   -2.372     0.023  -0.015      0.015    -0.030    -0.000     -1.882         1.830       -3.712       -0.052
                           scores_test                                                                                                                                                                                             
                                  mean  t_pm t_int_l t_int_h   std                           values t_f_stat t_f_alpha t_t_stat t_t_alpha t_delta t_delta_pm t_delta_l t_delta_h t_delta_pp t_delta_pm_pp t_delta_l_pp t_delta_h_pp
model_name feature_name                                                                                                                                                                                                            
lgbm       mles_embeddings       0.849 0.004   0.844   0.853 0.004  [0.848 0.852 0.848 0.843 0.851]    1.000     0.500    0.000     0.500   0.000      0.005    -0.005     0.005      0.000         0.609       -0.609        0.609
           nsp_embeddings        0.833 0.008   0.825   0.841 0.007  [0.831 0.837 0.841 0.832 0.823]    0.278     0.122   -4.575     0.001  -0.016      0.008    -0.023    -0.008     -1.831         0.923       -2.754       -0.908
           rtd_embeddings        0.804 0.004   0.800   0.808 0.003  [0.803 0.808 0.802 0.801 0.806]    1.464     0.640  -21.627     0.000  -0.044      0.005    -0.049    -0.040     -5.240         0.559       -5.799       -4.681
           sop_embeddings        0.794 0.009   0.785   0.803 0.007  [0.790 0.787 0.804 0.791 0.799]    0.238     0.097  -15.046     0.000  -0.054      0.008    -0.063    -0.046     -6.405         0.982       -7.387       -5.424
nn         nsp_finetuning        0.821 0.005   0.816   0.826 0.004  [0.822 0.814 0.823 0.824 0.821]    0.742     0.390  -11.311     0.000  -0.027      0.006    -0.033    -0.022     -3.236         0.660       -3.896       -2.576
           rtd_finetuning        0.823 0.006   0.818   0.829 0.005  [0.823 0.819 0.821 0.831 0.824]    0.594     0.313   -9.658     0.000  -0.025      0.006    -0.031    -0.019     -2.954         0.705       -3.659       -2.249

------------------------------------------------------------------------------------------------------------------------
Metric: "accuracy"
                           scores_valid                                                                                                                                                                                             
                                   mean  t_pm t_int_l t_int_h   std                           values t_f_stat t_f_alpha t_t_stat t_t_alpha t_delta t_delta_pm t_delta_l t_delta_h t_delta_pp t_delta_pm_pp t_delta_l_pp t_delta_h_pp
model_name feature_name                                                                                                                                                                                                             
lgbm       mles_embeddings        0.742 0.013   0.729   0.754 0.010  [0.754 0.729 0.734 0.741 0.749]    1.000     0.500    0.000     0.500   0.000      0.015    -0.015     0.015      0.000         2.042       -2.042        2.042
           nsp_embeddings         0.739 0.017   0.722   0.757 0.014  [0.747 0.714 0.747 0.742 0.747]    0.546     0.286   -0.284     0.392  -0.002      0.018    -0.020     0.016     -0.300         2.429       -2.729        2.129
           rtd_embeddings         0.728 0.014   0.714   0.742 0.011  [0.732 0.709 0.730 0.733 0.737]    0.879     0.452   -1.964     0.043  -0.013      0.016    -0.029     0.002     -1.798         2.111       -3.909        0.313
           sop_embeddings         0.710 0.012   0.698   0.722 0.010  [0.720 0.698 0.714 0.717 0.702]    1.153     0.553   -4.939     0.001  -0.031      0.015    -0.046    -0.017     -4.225         1.973       -6.198       -2.253
nn         nsp_finetuning           nan   nan     nan     nan   nan            [nan nan nan nan nan]      nan       nan      nan       nan     nan        nan       nan       nan        nan           nan          nan          nan
           rtd_finetuning           nan   nan     nan     nan   nan            [nan nan nan nan nan]      nan       nan      nan       nan     nan        nan       nan       nan        nan           nan          nan          nan
                           scores_test                                                                                                                                                                                             
                                  mean  t_pm t_int_l t_int_h   std                           values t_f_stat t_f_alpha t_t_stat t_t_alpha t_delta t_delta_pm t_delta_l t_delta_h t_delta_pp t_delta_pm_pp t_delta_l_pp t_delta_h_pp
model_name feature_name                                                                                                                                                                                                            
lgbm       mles_embeddings       0.770 0.008   0.762   0.777 0.006  [0.774 0.760 0.776 0.768 0.770]    1.000     0.500    0.000     0.500   0.000      0.009    -0.009     0.009      0.000         1.180       -1.180        1.180
           nsp_embeddings        0.756 0.014   0.742   0.770 0.011  [0.748 0.744 0.772 0.760 0.756]    0.323     0.150   -2.413     0.021  -0.014      0.013    -0.027    -0.001     -1.767         1.689       -3.456       -0.079
           rtd_embeddings        0.740 0.009   0.730   0.749 0.008  [0.748 0.728 0.744 0.738 0.740]    0.683     0.360   -6.861     0.000  -0.030      0.010    -0.040    -0.020     -3.898         1.310       -5.208       -2.588
           sop_embeddings        0.719 0.015   0.704   0.734 0.012  [0.702 0.722 0.734 0.714 0.724]    0.271     0.117   -8.354     0.000  -0.050      0.014    -0.064    -0.036     -6.549         1.808       -8.357       -4.741
nn         nsp_finetuning          nan   nan     nan     nan   nan            [nan nan nan nan nan]      nan       nan      nan       nan     nan        nan       nan       nan        nan           nan          nan          nan
           rtd_finetuning          nan   nan     nan     nan   nan            [nan nan nan nan nan]      nan       nan      nan       nan     nan        nan       nan       nan        nan           nan          nan          nan

------------------------------------------------------------------------------------------------------------------------
End of report.     Current time: 2020-09-30 14:34:32
------------------------------------------------------------------------------------------------------------------------
