------------------------------------------------------------------------------------------------------------------------
Vector testing report
Params:
    conf: "conf/embeddings_validation_baselines_unsupervised.hocon"

Collected 45 files with 0 errors

------------------------------------------------------------------------------------------------------------------------
Metric: "accuracy"
split_name                         scores_valid                                                                                                                                                                                             
                                           mean  t_pm t_int_l t_int_h   std                           values t_f_stat t_f_alpha t_t_stat t_t_alpha t_delta t_delta_pm t_delta_l t_delta_h t_delta_pp t_delta_pm_pp t_delta_l_pp t_delta_h_pp
model_name feature_name                                                                                                                                                                                                                     
lgbm       barlow_twins_embeddings        0.599 0.005   0.594   0.604 0.004  [0.592 0.600 0.600 0.602 0.601]    0.803     0.418    0.465     0.673   0.001      0.006    -0.004     0.007      0.189         0.938       -0.749        1.127
           baseline                       0.598 0.005   0.593   0.602 0.004  [0.594 0.596 0.598 0.598 0.604]    1.000     0.500    0.000     0.500   0.000      0.005    -0.005     0.005      0.000         0.886       -0.886        0.886
           cpc_embeddings                 0.590 0.002   0.588   0.593 0.002  [0.591 0.590 0.590 0.588 0.593]    3.478     0.873   -4.057     0.002  -0.007      0.004    -0.012    -0.003     -1.250         0.711       -1.961       -0.540
           mles2_embeddings               0.604 0.004   0.599   0.608 0.004  [0.603 0.608 0.601 0.607 0.601]    1.048     0.518    2.629     0.985   0.006      0.005     0.001     0.011      0.998         0.875        0.123        1.873
           mles_embeddings                0.605 0.007   0.598   0.612 0.006  [0.604 0.606 0.605 0.612 0.596]    0.403     0.200    2.259     0.973   0.007      0.007    -0.000     0.014      1.145         1.169       -0.024        2.314
           nsp_embeddings                 0.584 0.003   0.581   0.587 0.002  [0.583 0.583 0.583 0.588 0.584]    2.588     0.810   -7.229     0.000  -0.014      0.004    -0.018    -0.009     -2.311         0.737       -3.049       -1.574
           random_encoder                 0.576 0.005   0.571   0.582 0.004  [0.579 0.573 0.575 0.572 0.582]    0.703     0.370   -8.550     0.000  -0.022      0.006    -0.027    -0.016     -3.614         0.975       -4.589       -2.639
           rtd_embeddings                 0.578 0.004   0.574   0.582 0.003  [0.577 0.575 0.577 0.576 0.583]    1.263     0.587   -9.248     0.000  -0.020      0.005    -0.025    -0.015     -3.362         0.838       -4.200       -2.524
           sop_embeddings                 0.580 0.005   0.576   0.585 0.004  [0.583 0.578 0.575 0.583 0.584]    0.961     0.485   -7.503     0.000  -0.017      0.005    -0.023    -0.012     -2.910         0.895       -3.805       -2.016
split_name                         scores_test                                                                                                                                                                                             
                                          mean  t_pm t_int_l t_int_h   std                           values t_f_stat t_f_alpha t_t_stat t_t_alpha t_delta t_delta_pm t_delta_l t_delta_h t_delta_pp t_delta_pm_pp t_delta_l_pp t_delta_h_pp
model_name feature_name                                                                                                                                                                                                                    
lgbm       barlow_twins_embeddings       0.588 0.005   0.584   0.593 0.004  [0.589 0.586 0.589 0.594 0.584]    0.252     0.105   -1.833     0.052  -0.003      0.004    -0.008     0.001     -0.573         0.721       -1.295        0.148
           baseline                      0.592 0.002   0.589   0.594 0.002  [0.595 0.592 0.591 0.590 0.590]    1.000     0.500    0.000     0.500   0.000      0.003    -0.003     0.003      0.000         0.458       -0.458        0.458
           cpc_embeddings                0.590 0.005   0.585   0.595 0.004  [0.587 0.586 0.595 0.594 0.589]    0.210     0.080   -0.737     0.241  -0.001      0.005    -0.006     0.003     -0.248         0.778       -1.026        0.529
           mles2_embeddings              0.605 0.004   0.601   0.609 0.003  [0.609 0.602 0.605 0.605 0.602]    0.376     0.183    8.254     1.000   0.013      0.004     0.009     0.017      2.217         0.619        1.597        2.836
           mles_embeddings               0.592 0.005   0.587   0.597 0.004  [0.596 0.593 0.595 0.591 0.585]    0.182     0.064    0.214     0.582   0.000      0.005    -0.004     0.005      0.076         0.825       -0.749        0.901
           nsp_embeddings                0.575 0.006   0.569   0.582 0.005  [0.577 0.574 0.581 0.578 0.567]    0.130     0.036   -6.731     0.000  -0.017      0.006    -0.022    -0.011     -2.790         0.956       -3.746       -1.834
           random_encoder                0.574 0.006   0.569   0.580 0.004  [0.577 0.575 0.567 0.579 0.574]    0.171     0.058   -7.902     0.000  -0.017      0.005    -0.022    -0.012     -2.905         0.848       -3.752       -2.057
           rtd_embeddings                0.574 0.006   0.568   0.579 0.005  [0.572 0.573 0.570 0.582 0.572]    0.160     0.052   -8.026     0.000  -0.018      0.005    -0.023    -0.013     -3.038         0.873       -3.911       -2.165
           sop_embeddings                0.567 0.003   0.564   0.570 0.002  [0.568 0.564 0.570 0.566 0.567]    0.745     0.391  -19.383     0.000  -0.025      0.003    -0.028    -0.022     -4.166         0.496       -4.661       -3.670

------------------------------------------------------------------------------------------------------------------------
End of report.     Current time: 2021-12-15 17:37:23
------------------------------------------------------------------------------------------------------------------------
