------------------------------------------------------------------------------------------------------------------------
Vector testing report
Params:
    conf: "conf/embeddings_validation_short_1615460863.hocon"

Collected 25 files with 0 errors

------------------------------------------------------------------------------------------------------------------------
Metric: "accuracy"
                                                        scores_valid                                                                                                                                                                                             
                                                                mean  t_pm t_int_l t_int_h   std                           values t_f_stat t_f_alpha t_t_stat t_t_alpha t_delta t_delta_pm t_delta_l t_delta_h t_delta_pp t_delta_pm_pp t_delta_l_pp t_delta_h_pp
model_name feature_name                                                                                                                                                                                                                                          
lgbm       emb__encoder_gru                                    0.584 0.004   0.580   0.587 0.003  [0.585 0.579 0.584 0.587 0.583]    0.404     0.201  -11.814     0.000  -0.018      0.004    -0.022    -0.015     -3.046         0.595       -3.641       -2.452
           emb__encoder_lstm                                   0.582 0.002   0.579   0.584 0.002  [0.581 0.579 0.584 0.584 0.580]    0.913     0.466  -17.041     0.000  -0.021      0.003    -0.023    -0.018     -3.411         0.462       -3.873       -2.950
           emb__encoder_transf_bs064_4head_64hs_4layers        0.595 0.005   0.591   0.600 0.004  [0.592 0.594 0.593 0.601 0.597]    0.260     0.110   -3.768     0.003  -0.007      0.004    -0.011    -0.003     -1.147         0.702       -1.850       -0.445
           emb__encoder_transf_bs064_4head_64hs_8layers        0.594 0.005   0.589   0.599 0.004  [0.591 0.593 0.592 0.601 0.594]    0.214     0.082   -3.988     0.002  -0.008      0.005    -0.012    -0.003     -1.314         0.760       -2.075       -0.554
           mles_embeddings                                     0.602 0.002   0.600   0.604 0.002  [0.602 0.603 0.605 0.600 0.602]    1.000     0.500    0.000     0.500   0.000      0.003    -0.003     0.003      0.000         0.451       -0.451        0.451
                                                        scores_test                                                                                                                                                                                             
                                                               mean  t_pm t_int_l t_int_h   std                           values t_f_stat t_f_alpha t_t_stat t_t_alpha t_delta t_delta_pm t_delta_l t_delta_h t_delta_pp t_delta_pm_pp t_delta_l_pp t_delta_h_pp
model_name feature_name                                                                                                                                                                                                                                         
lgbm       emb__encoder_gru                                   0.574 0.003   0.572   0.577 0.002  [0.574 0.577 0.572 0.576 0.572]    0.585     0.308  -19.610     0.000  -0.024      0.003    -0.026    -0.021     -3.934         0.463       -4.397       -3.472
           emb__encoder_lstm                                  0.582 0.006   0.576   0.588 0.005  [0.587 0.582 0.582 0.585 0.574]    0.106     0.026   -6.780     0.000  -0.016      0.005    -0.021    -0.011     -2.667         0.907       -3.574       -1.760
           emb__encoder_transf_bs064_4head_64hs_4layers       0.591 0.004   0.588   0.595 0.003  [0.594 0.590 0.589 0.595 0.588]    0.279     0.122   -4.063     0.002  -0.006      0.004    -0.010    -0.003     -1.059         0.601       -1.660       -0.458
           emb__encoder_transf_bs064_4head_64hs_8layers       0.591 0.005   0.585   0.596 0.004  [0.596 0.591 0.587 0.593 0.586]    0.156     0.050   -3.647     0.003  -0.007      0.005    -0.012    -0.003     -1.211         0.765       -1.976       -0.445
           mles_embeddings                                    0.598 0.002   0.596   0.600 0.002  [0.596 0.598 0.600 0.599 0.596]    1.000     0.500    0.000     0.500   0.000      0.002    -0.002     0.002      0.000         0.397       -0.397        0.397

------------------------------------------------------------------------------------------------------------------------
End of report.     Current time: 2021-03-11 11:07:45
------------------------------------------------------------------------------------------------------------------------
