------------------------------------------------------------------------------------------------------------------------
Vector testing report
Params:
    conf: "conf/embeddings_validation_short_1639628803.hocon"

Collected 50 files with 0 errors

------------------------------------------------------------------------------------------------------------------------
Metric: "accuracy"
split_name                                                     scores_valid                                                                                                                                                                                             
                                                                       mean  t_pm t_int_l t_int_h   std                           values t_f_stat t_f_alpha t_t_stat t_t_alpha t_delta t_delta_pm t_delta_l t_delta_h t_delta_pp t_delta_pm_pp t_delta_l_pp t_delta_h_pp
model_name feature_name                                                                                                                                                                                                                                                 
lgbm       emb__loss_binomialdeviance_C_1.0_alpha_1.0_beta_0.4        0.584 0.005   0.580   0.589 0.004  [0.586 0.583 0.583 0.590 0.580]    2.446     0.796   -6.681     0.000  -0.020      0.007    -0.027    -0.013     -3.355         1.158       -4.513       -2.197
           emb__loss_binomialdeviance_C_6.0_alpha_0.4_beta_0.7        0.583 0.007   0.576   0.590 0.006  [0.582 0.591 0.578 0.585 0.579]    1.079     0.529   -6.137     0.000  -0.022      0.008    -0.030    -0.014     -3.604         1.354       -4.959       -2.250
           emb__loss_contrastive_margin_0.5                           0.605 0.007   0.598   0.612 0.006  [0.604 0.606 0.605 0.612 0.596]    1.000     0.500    0.000     0.500   0.000      0.008    -0.008     0.008      0.000         1.380       -1.380        1.380
           emb__loss_contrastive_margin_1.0                           0.597 0.005   0.592   0.602 0.004  [0.592 0.598 0.600 0.601 0.594]    2.127     0.759   -2.470     0.019  -0.008      0.007    -0.015    -0.001     -1.267         1.183       -2.450       -0.084
           emb__loss_histogramloss                                    0.589 0.005   0.584   0.593 0.004  [0.585 0.587 0.595 0.589 0.588]    2.480     0.800   -5.223     0.000  -0.016      0.007    -0.023    -0.009     -2.618         1.156       -3.773       -1.462
           emb__loss_margin_0.2_beta_0.4                              0.604 0.004   0.600   0.608 0.003  [0.606 0.603 0.603 0.608 0.601]    3.744     0.885   -0.196     0.425  -0.001      0.007    -0.007     0.006     -0.094         1.098       -1.192        1.005
           emb__loss_margin_0.3_beta_0.6                              0.593 0.003   0.590   0.595 0.002  [0.594 0.595 0.594 0.592 0.590]    7.588     0.962   -4.338     0.001  -0.012      0.006    -0.018    -0.006     -1.953         1.038       -2.991       -0.915
           emb__loss_triplet_margin_0.3                               0.594 0.004   0.590   0.598 0.003  [0.597 0.595 0.590 0.597 0.592]    2.922     0.838   -3.518     0.004  -0.010      0.007    -0.017    -0.004     -1.724         1.130       -2.855       -0.594
           emb__loss_triplet_margin_0.6                               0.573 0.008   0.565   0.581 0.006  [0.567 0.580 0.574 0.579 0.566]    0.849     0.439   -8.352     0.000  -0.032      0.009    -0.040    -0.023     -5.214         1.440       -6.654       -3.775
           mles_embeddings                                            0.605 0.007   0.598   0.612 0.006  [0.604 0.606 0.605 0.612 0.596]    1.000     0.500    0.000     0.500   0.000      0.008    -0.008     0.008      0.000         1.380       -1.380        1.380
split_name                                                     scores_test                                                                                                                                                                                             
                                                                      mean  t_pm t_int_l t_int_h   std                           values t_f_stat t_f_alpha t_t_stat t_t_alpha t_delta t_delta_pm t_delta_l t_delta_h t_delta_pp t_delta_pm_pp t_delta_l_pp t_delta_h_pp
model_name feature_name                                                                                                                                                                                                                                                
lgbm       emb__loss_binomialdeviance_C_1.0_alpha_1.0_beta_0.4       0.580 0.006   0.573   0.586 0.005  [0.582 0.583 0.581 0.582 0.570]    0.704     0.371   -4.144     0.002  -0.013      0.007    -0.020    -0.006     -2.120         1.179       -3.299       -0.940
           emb__loss_binomialdeviance_C_6.0_alpha_0.4_beta_0.7       0.569 0.005   0.564   0.574 0.004  [0.565 0.567 0.574 0.573 0.566]    1.072     0.526   -8.522     0.000  -0.023      0.006    -0.029    -0.017     -3.895         1.054       -4.949       -2.841
           emb__loss_contrastive_margin_0.5                          0.592 0.005   0.587   0.597 0.004  [0.596 0.593 0.595 0.591 0.585]    1.000     0.500    0.000     0.500   0.000      0.006    -0.006     0.006      0.000         1.072       -1.072        1.072
           emb__loss_contrastive_margin_1.0                          0.590 0.004   0.586   0.594 0.003  [0.592 0.592 0.585 0.591 0.590]    2.213     0.770   -0.916     0.193  -0.002      0.005    -0.008     0.003     -0.363         0.914       -1.276        0.551
           emb__loss_histogramloss                                   0.588 0.002   0.586   0.591 0.002  [0.587 0.591 0.588 0.590 0.586]    5.295     0.932   -1.758     0.058  -0.004      0.005    -0.009     0.001     -0.630         0.827       -1.457        0.197
           emb__loss_margin_0.2_beta_0.4                             0.598 0.004   0.595   0.602 0.003  [0.603 0.596 0.599 0.596 0.596]    2.325     0.783    2.574     0.984   0.006      0.005     0.001     0.011      1.012         0.907        0.105        1.919
           emb__loss_margin_0.3_beta_0.6                             0.585 0.007   0.579   0.592 0.005  [0.587 0.586 0.587 0.591 0.577]    0.691     0.365   -2.228     0.028  -0.007      0.007    -0.014     0.000     -1.146         1.186       -2.332        0.040
           emb__loss_triplet_margin_0.3                              0.582 0.005   0.576   0.587 0.004  [0.582 0.583 0.577 0.588 0.579]    0.983     0.494   -3.680     0.003  -0.010      0.006    -0.017    -0.004     -1.719         1.077       -2.795       -0.642
           emb__loss_triplet_margin_0.6                              0.563 0.006   0.558   0.569 0.005  [0.564 0.564 0.567 0.566 0.556]    0.922     0.470  -10.217     0.000  -0.029      0.006    -0.035    -0.022     -4.850         1.095       -5.945       -3.755
           mles_embeddings                                           0.592 0.005   0.587   0.597 0.004  [0.596 0.593 0.595 0.591 0.585]    1.000     0.500    0.000     0.500   0.000      0.006    -0.006     0.006      0.000         1.072       -1.072        1.072

------------------------------------------------------------------------------------------------------------------------
End of report.     Current time: 2021-12-16 04:29:53
------------------------------------------------------------------------------------------------------------------------
