------------------------------------------------------------------------------------------------------------------------
Vector testing report
Params:
    conf: "conf/embeddings_validation_baselines_supervised.hocon"

Collected 5 files with 0 errors

------------------------------------------------------------------------------------------------------------------------
Metric: "accuracy"
split_name                         scores_valid                                                                                                                                                                                             
                                           mean  t_pm t_int_l t_int_h   std                           values t_f_stat t_f_alpha t_t_stat t_t_alpha t_delta t_delta_pm t_delta_l t_delta_h t_delta_pp t_delta_pm_pp t_delta_l_pp t_delta_h_pp
model_name feature_name                                                                                                                                                                                                                     
nn         barlow_twins_finetuning        0.567 0.004   0.563   0.572 0.003  [0.564 0.569 0.567 0.572 0.565]    1.559     0.661  -12.559     0.000  -0.031      0.006    -0.036    -0.025     -5.128         0.942       -6.070       -4.186
           cpc_finetuning                 0.590 0.003   0.587   0.593 0.002  [0.589 0.589 0.594 0.590 0.588]    3.063     0.848   -3.617     0.003  -0.008      0.005    -0.013    -0.003     -1.328         0.846       -2.174       -0.481
           mles_finetuning                0.576 0.014   0.561   0.590 0.012  [0.586 0.565 0.579 0.587 0.562]    0.136     0.039   -4.048     0.002  -0.022      0.013    -0.035    -0.010     -3.733         2.127       -5.860       -1.607
           rtd_finetuning                 0.560 0.010   0.550   0.569 0.008  [0.573 0.554 0.558 0.555 0.558]    0.293     0.131   -9.638     0.000  -0.039      0.009    -0.048    -0.029     -6.453         1.544       -7.997       -4.909
           target_scores                  0.598 0.005   0.593   0.603 0.004  [0.593 0.599 0.604 0.596 0.598]    1.000     0.500    0.000     0.500   0.000      0.006    -0.006     0.006      0.000         1.039       -1.039        1.039
split_name                         scores_test                                                                                                                                                                                             
                                          mean  t_pm t_int_l t_int_h   std                           values t_f_stat t_f_alpha t_t_stat t_t_alpha t_delta t_delta_pm t_delta_l t_delta_h t_delta_pp t_delta_pm_pp t_delta_l_pp t_delta_h_pp
model_name feature_name                                                                                                                                                                                                                    
nn         barlow_twins_finetuning       0.578 0.006   0.572   0.584 0.005  [0.577 0.584 0.575 0.582 0.572]    0.873     0.449   -5.781     0.000  -0.018      0.007    -0.025    -0.011     -3.053         1.218       -4.271       -1.835
           cpc_finetuning                0.595 0.004   0.591   0.599 0.003  [0.593 0.591 0.596 0.599 0.595]    2.468     0.798   -0.444     0.335  -0.001      0.006    -0.007     0.005     -0.190         0.986       -1.175        0.796
           mles_finetuning               0.589 0.016   0.573   0.605 0.013  [0.604 0.574 0.591 0.598 0.577]    0.142     0.043   -1.206     0.131  -0.007      0.014    -0.021     0.007     -1.233         2.356       -3.589        1.124
           rtd_finetuning                0.569 0.004   0.565   0.572 0.003  [0.566 0.572 0.571 0.569 0.565]    2.760     0.825  -10.905     0.000  -0.027      0.006    -0.033    -0.022     -4.589         0.971       -5.560       -3.619
           target_scores                 0.596 0.006   0.590   0.602 0.005  [0.598 0.604 0.592 0.595 0.592]    1.000     0.500    0.000     0.500   0.000      0.007    -0.007     0.007      0.000         1.176       -1.176        1.176

------------------------------------------------------------------------------------------------------------------------
End of report.     Current time: 2021-12-15 19:40:53
------------------------------------------------------------------------------------------------------------------------
