------------------------------------------------------------------------------------------------------------------------
Vector testing report
Params:
    conf: "conf/embeddings_validation_short_1615446046.hocon"

Collected 20 files with 0 errors

------------------------------------------------------------------------------------------------------------------------
Metric: "accuracy"
                                           scores_valid                                                                                                                                                                                             
                                                   mean  t_pm t_int_l t_int_h   std                           values t_f_stat t_f_alpha t_t_stat t_t_alpha t_delta t_delta_pm t_delta_l t_delta_h t_delta_pp t_delta_pm_pp t_delta_l_pp t_delta_h_pp
model_name feature_name                                                                                                                                                                                                                             
lgbm       emb__cosine_annealing                  0.604 0.005   0.599   0.609 0.004  [0.601 0.609 0.608 0.601 0.601]    0.212     0.081    1.010     0.829   0.002      0.005    -0.003     0.007      0.334         0.762       -0.428        1.096
           emb__reduce_on_plateau                 0.601 0.003   0.598   0.604 0.002  [0.603 0.601 0.603 0.603 0.597]    0.561     0.295   -0.543     0.301  -0.001      0.003    -0.004     0.002     -0.125         0.532       -0.657        0.407
           emb__reduce_on_plateau_x2epochs        0.599 0.004   0.595   0.602 0.003  [0.599 0.601 0.601 0.600 0.594]    0.429     0.216   -2.108     0.034  -0.003      0.004    -0.007     0.000     -0.532         0.582       -1.114        0.050
           mles_embeddings                        0.602 0.002   0.600   0.604 0.002  [0.602 0.603 0.605 0.600 0.602]    1.000     0.500    0.000     0.500   0.000      0.003    -0.003     0.003      0.000         0.451       -0.451        0.451
                                           scores_test                                                                                                                                                                                             
                                                  mean  t_pm t_int_l t_int_h   std                           values t_f_stat t_f_alpha t_t_stat t_t_alpha t_delta t_delta_pm t_delta_l t_delta_h t_delta_pp t_delta_pm_pp t_delta_l_pp t_delta_h_pp
model_name feature_name                                                                                                                                                                                                                            
lgbm       emb__cosine_annealing                 0.597 0.008   0.589   0.605 0.006  [0.597 0.604 0.590 0.601 0.590]    0.064     0.010   -0.381     0.357  -0.001      0.007    -0.008     0.006     -0.189         1.146       -1.335        0.957
           emb__reduce_on_plateau                0.597 0.006   0.591   0.603 0.005  [0.590 0.595 0.598 0.603 0.599]    0.113     0.029   -0.346     0.369  -0.001      0.005    -0.006     0.004     -0.132         0.882       -1.014        0.750
           emb__reduce_on_plateau_x2epochs       0.594 0.005   0.588   0.599 0.004  [0.590 0.593 0.594 0.601 0.591]    0.141     0.042   -1.911     0.046  -0.004      0.005    -0.009     0.001     -0.662         0.799       -1.461        0.137
           mles_embeddings                       0.598 0.002   0.596   0.600 0.002  [0.596 0.598 0.600 0.599 0.596]    1.000     0.500    0.000     0.500   0.000      0.002    -0.002     0.002      0.000         0.397       -0.397        0.397

------------------------------------------------------------------------------------------------------------------------
End of report.     Current time: 2021-03-11 07:04:09
------------------------------------------------------------------------------------------------------------------------
