------------------------------------------------------------------------------------------------------------------------
Vector testing report
Params:
    conf: "conf/embeddings_validation_short_1639636470.hocon"

Collected 30 files with 0 errors

------------------------------------------------------------------------------------------------------------------------
Metric: "accuracy"
split_name                                                 scores_valid                                                                                                                                                                                             
                                                                   mean  t_pm t_int_l t_int_h   std                           values t_f_stat t_f_alpha t_t_stat t_t_alpha t_delta t_delta_pm t_delta_l t_delta_h t_delta_pp t_delta_pm_pp t_delta_l_pp t_delta_h_pp
model_name feature_name                                                                                                                                                                                                                                             
lgbm       emb__smpl_strategy_AllPositivePair                     0.585 0.004   0.581   0.589 0.003  [0.582 0.588 0.584 0.590 0.582]    2.905     0.837   -6.585     0.000  -0.020      0.007    -0.026    -0.013     -3.230         1.131       -4.362       -2.099
           emb__smpl_strategy_DistanceWeightedPair                0.587 0.006   0.581   0.592 0.005  [0.583 0.590 0.585 0.593 0.582]    1.487     0.645   -5.467     0.000  -0.018      0.008    -0.026    -0.010     -2.992         1.262       -4.253       -1.730
           emb__smpl_strategy_HardNegativePair_neg_count_2        0.605 0.007   0.598   0.612 0.006  [0.604 0.606 0.605 0.612 0.596]    1.000     0.500    0.000     0.500   0.000      0.008    -0.008     0.008      0.000         1.380       -1.380        1.380
           emb__smpl_strategy_HardNegativePair_neg_count_5        0.599 0.007   0.593   0.606 0.005  [0.597 0.592 0.600 0.606 0.601]    1.173     0.560   -1.533     0.082  -0.005      0.008    -0.013     0.003     -0.883         1.328       -2.211        0.445
           emb__smpl_strategy_HardNegativePair_neg_count_9        0.595 0.005   0.590   0.601 0.004  [0.591 0.600 0.594 0.599 0.591]    1.803     0.709   -2.953     0.009  -0.009      0.007    -0.017    -0.002     -1.558         1.217       -2.775       -0.342
           mles_embeddings                                        0.605 0.007   0.598   0.612 0.006  [0.604 0.606 0.605 0.612 0.596]    1.000     0.500    0.000     0.500   0.000      0.008    -0.008     0.008      0.000         1.380       -1.380        1.380
split_name                                                 scores_test                                                                                                                                                                                             
                                                                  mean  t_pm t_int_l t_int_h   std                           values t_f_stat t_f_alpha t_t_stat t_t_alpha t_delta t_delta_pm t_delta_l t_delta_h t_delta_pp t_delta_pm_pp t_delta_l_pp t_delta_h_pp
model_name feature_name                                                                                                                                                                                                                                            
lgbm       emb__smpl_strategy_AllPositivePair                    0.583 0.006   0.577   0.590 0.005  [0.588 0.580 0.590 0.581 0.579]    0.789     0.412   -2.931     0.009  -0.009      0.007    -0.015    -0.002     -1.451         1.142       -2.593       -0.309
           emb__smpl_strategy_DistanceWeightedPair               0.580 0.006   0.574   0.587 0.005  [0.579 0.575 0.587 0.583 0.578]    0.783     0.409   -3.964     0.002  -0.012      0.007    -0.018    -0.005     -1.967         1.144       -3.111       -0.823
           emb__smpl_strategy_HardNegativePair_neg_count_2       0.592 0.005   0.587   0.597 0.004  [0.596 0.593 0.595 0.591 0.585]    1.000     0.500    0.000     0.500   0.000      0.006    -0.006     0.006      0.000         1.072       -1.072        1.072
           emb__smpl_strategy_HardNegativePair_neg_count_5       0.596 0.005   0.590   0.601 0.004  [0.595 0.599 0.600 0.595 0.589]    1.017     0.506    1.278     0.882   0.004      0.006    -0.003     0.010      0.592         1.068       -0.476        1.660
           emb__smpl_strategy_HardNegativePair_neg_count_9       0.584 0.006   0.579   0.590 0.005  [0.586 0.584 0.589 0.586 0.577]    0.851     0.440   -2.677     0.014  -0.008      0.007    -0.014    -0.001     -1.298         1.118       -2.417       -0.180
           mles_embeddings                                       0.592 0.005   0.587   0.597 0.004  [0.596 0.593 0.595 0.591 0.585]    1.000     0.500    0.000     0.500   0.000      0.006    -0.006     0.006      0.000         1.072       -1.072        1.072

------------------------------------------------------------------------------------------------------------------------
End of report.     Current time: 2021-12-16 06:36:11
------------------------------------------------------------------------------------------------------------------------
