------------------------------------------------------------------------------------------------------------------------
Vector testing report
Params:
    conf: "conf/embeddings_validation_short_1639611914.hocon"

Collected 30 files with 0 errors

------------------------------------------------------------------------------------------------------------------------
Metric: "accuracy"
split_name                       scores_valid                                                                                                                                                                                             
                                         mean  t_pm t_int_l t_int_h   std                           values t_f_stat t_f_alpha t_t_stat t_t_alpha t_delta t_delta_pm t_delta_l t_delta_h t_delta_pp t_delta_pm_pp t_delta_l_pp t_delta_h_pp
model_name feature_name                                                                                                                                                                                                                   
lgbm       emb__hidden_size_0032        0.592 0.005   0.587   0.597 0.004  [0.591 0.592 0.595 0.597 0.586]    1.897     0.725   -3.973     0.002  -0.013      0.007    -0.020    -0.005     -2.077         1.206       -3.283       -0.872
           emb__hidden_size_0064        0.600 0.002   0.598   0.603 0.002  [0.599 0.599 0.599 0.601 0.603]    8.087     0.966   -1.644     0.069  -0.004      0.006    -0.011     0.002     -0.737         1.034       -1.772        0.297
           emb__hidden_size_0100        0.604 0.006   0.598   0.611 0.005  [0.606 0.602 0.604 0.612 0.598]    1.300     0.597   -0.111     0.457  -0.000      0.008    -0.008     0.007     -0.062         1.298       -1.360        1.236
           emb__hidden_size_0200        0.607 0.008   0.599   0.615 0.006  [0.608 0.603 0.600 0.616 0.608]    0.822     0.427    0.627     0.726   0.002      0.009    -0.006     0.011      0.395         1.453       -1.058        1.847
           emb__hidden_size_0400        0.607 0.002   0.605   0.610 0.002  [0.608 0.604 0.607 0.610 0.608]    8.670     0.970    1.000     0.827   0.003      0.006    -0.004     0.009      0.447         1.030       -0.584        1.477
           mles_embeddings              0.605 0.007   0.598   0.612 0.006  [0.604 0.606 0.605 0.612 0.596]    1.000     0.500    0.000     0.500   0.000      0.008    -0.008     0.008      0.000         1.380       -1.380        1.380
split_name                       scores_test                                                                                                                                                                                             
                                        mean  t_pm t_int_l t_int_h   std                           values t_f_stat t_f_alpha t_t_stat t_t_alpha t_delta t_delta_pm t_delta_l t_delta_h t_delta_pp t_delta_pm_pp t_delta_l_pp t_delta_h_pp
model_name feature_name                                                                                                                                                                                                                  
lgbm       emb__hidden_size_0032       0.592 0.003   0.589   0.595 0.002  [0.594 0.594 0.590 0.591 0.591]    4.492     0.913   -0.053     0.480  -0.000      0.005    -0.005     0.005     -0.019         0.838       -0.857        0.819
           emb__hidden_size_0064       0.591 0.003   0.588   0.594 0.003  [0.590 0.592 0.591 0.595 0.587]    2.659     0.817   -0.495     0.317  -0.001      0.005    -0.006     0.004     -0.191         0.889       -1.080        0.698
           emb__hidden_size_0100       0.592 0.004   0.588   0.596 0.003  [0.593 0.591 0.597 0.590 0.588]    1.647     0.680   -0.092     0.465  -0.000      0.006    -0.006     0.005     -0.038         0.961       -0.999        0.923
           emb__hidden_size_0200       0.602 0.005   0.597   0.608 0.004  [0.605 0.600 0.603 0.607 0.596]    1.017     0.506    3.712     0.997   0.010      0.006     0.004     0.016      1.719         1.068        0.651        2.786
           emb__hidden_size_0400       0.598 0.004   0.594   0.602 0.003  [0.599 0.595 0.598 0.603 0.596]    2.031     0.745    2.472     0.981   0.006      0.005     0.000     0.011      0.993         0.926        0.067        1.919
           mles_embeddings             0.592 0.005   0.587   0.597 0.004  [0.596 0.593 0.595 0.591 0.585]    1.000     0.500    0.000     0.500   0.000      0.006    -0.006     0.006      0.000         1.072       -1.072        1.072

------------------------------------------------------------------------------------------------------------------------
End of report.     Current time: 2021-12-15 23:47:48
------------------------------------------------------------------------------------------------------------------------
