------------------------------------------------------------------------------------------------------------------------
Vector testing report
Params:
    conf: "conf/embeddings_validation_another_baselines.hocon"

Collected 21 files with 0 errors

------------------------------------------------------------------------------------------------------------------------
Metric: "accuracy"
                           scores_valid                                                                                                                                                                                             
                                   mean  t_pm t_int_l t_int_h   std                           values t_f_stat t_f_alpha t_t_stat t_t_alpha t_delta t_delta_pm t_delta_l t_delta_h t_delta_pp t_delta_pm_pp t_delta_l_pp t_delta_h_pp
model_name feature_name                                                                                                                                                                                                             
lgbm       mles_embeddings        0.614 0.007   0.607   0.621 0.005  [0.619 0.608 0.620 0.613 0.610]    1.000     0.500    0.000     0.500   0.000      0.008    -0.008     0.008      0.000         1.295       -1.295        1.295
           nsp_embeddings         0.593 0.005   0.588   0.598 0.004  [0.591 0.598 0.595 0.593 0.587]    2.044     0.747   -7.048     0.000  -0.021      0.007    -0.028    -0.014     -3.415         1.117       -4.533       -2.298
           rtd_embeddings         0.587 0.004   0.583   0.590 0.003  [0.585 0.587 0.590 0.589 0.583]    3.358     0.866   -9.771     0.000  -0.027      0.006    -0.034    -0.021     -4.420         1.043       -5.463       -3.377
           sop_embeddings         0.588 0.002   0.586   0.590 0.002  [0.586 0.590 0.590 0.586 0.587]    8.734     0.971  -10.030     0.000  -0.026      0.006    -0.032    -0.020     -4.205         0.967       -5.171       -3.238
nn         rtd_finetuning         0.589 0.004   0.585   0.593 0.003  [0.587 0.592 0.592 0.588 0.586]    3.261     0.861   -8.925     0.000  -0.025      0.006    -0.031    -0.018     -4.051         1.047       -5.098       -3.004
                           scores_test                                                                                                                                                                                             
                                  mean  t_pm t_int_l t_int_h   std                           values t_f_stat t_f_alpha t_t_stat t_t_alpha t_delta t_delta_pm t_delta_l t_delta_h t_delta_pp t_delta_pm_pp t_delta_l_pp t_delta_h_pp
model_name feature_name                                                                                                                                                                                                            
lgbm       mles_embeddings       0.597 0.004   0.593   0.601 0.003  [0.601 0.600 0.597 0.592 0.598]    1.000     0.500    0.000     0.500   0.000      0.005    -0.005     0.005      0.000         0.786       -0.786        0.786
           nsp_embeddings        0.584 0.006   0.579   0.590 0.005  [0.587 0.583 0.577 0.588 0.586]    0.501     0.260   -5.251     0.000  -0.013      0.006    -0.019    -0.007     -2.191         0.962       -3.153       -1.229
           rtd_embeddings        0.580 0.005   0.575   0.585 0.004  [0.580 0.583 0.573 0.582 0.581]    0.609     0.322   -7.490     0.000  -0.018      0.005    -0.023    -0.012     -2.934         0.903       -3.837       -2.030
           sop_embeddings        0.579 0.006   0.573   0.585 0.005  [0.585 0.573 0.576 0.582 0.580]    0.442     0.224   -6.950     0.000  -0.018      0.006    -0.024    -0.012     -3.026         1.004       -4.030       -2.022
nn         rtd_finetuning        0.582 0.005   0.577   0.587 0.004  [0.581 0.586 0.583 0.576 0.583]    0.714     0.376   -6.961     0.000  -0.016      0.005    -0.021    -0.010     -2.599         0.861       -3.460       -1.738

------------------------------------------------------------------------------------------------------------------------
End of report.     Current time: 2020-09-30 21:31:29
------------------------------------------------------------------------------------------------------------------------
