------------------------------------------------------------------------------------------------------------------------
Vector testing report
Params:
    conf: "conf/embeddings_validation_semi_supervised.hocon"

Collected 108 files with 0 errors

------------------------------------------------------------------------------------------------------------------------
Metric: "accuracy"
                                 scores_train                                                             
                                         mean  t_pm t_int_l t_int_h   std                           values
model_name feature_name                                                                                   
lgbm       baseline_00496               0.824 0.018   0.806   0.842 0.014  [0.823 0.817 0.845 0.829 0.806]
           baseline_00994               0.872 0.007   0.865   0.880 0.006  [0.881 0.868 0.869 0.867 0.875]
           baseline_01986               0.897 0.006   0.891   0.904 0.005  [0.902 0.898 0.889 0.900 0.898]
           baseline_03971               0.849 0.002   0.848   0.851 0.001  [0.850 0.847 0.851 0.849 0.849]
           baseline_07943               0.769 0.003   0.766   0.772 0.002  [0.773 0.768 0.768 0.767 0.767]
           baseline_15887               0.717 0.003   0.714   0.719 0.002  [0.717 0.720 0.714 0.715 0.718]
           cpc_embeddings_00496         0.960 0.008   0.952   0.968 0.006  [0.956 0.954 0.966 0.968 0.958]
           cpc_embeddings_00994         0.961 0.004   0.957   0.964 0.003  [0.961 0.957 0.962 0.960 0.965]
           cpc_embeddings_01986         0.962 0.000   0.962   0.963 0.000  [0.962 0.962 0.962 0.963 0.963]
           cpc_embeddings_03971         0.938 0.003   0.935   0.941 0.002  [0.937 0.937 0.940 0.936 0.941]
           cpc_embeddings_07943         0.833 0.004   0.829   0.837 0.003  [0.833 0.833 0.829 0.834 0.838]
           cpc_embeddings_15887         0.745 0.003   0.742   0.748 0.002  [0.747 0.744 0.743 0.744 0.748]
           mles_embeddings_00496        0.957 0.005   0.952   0.962 0.004  [0.952 0.956 0.956 0.962 0.960]
           mles_embeddings_00994        0.961 0.002   0.958   0.963 0.002  [0.963 0.959 0.959 0.962 0.962]
           mles_embeddings_01986        0.963 0.001   0.962   0.963 0.001  [0.962 0.962 0.962 0.964 0.963]
           mles_embeddings_03971        0.944 0.002   0.942   0.946 0.001  [0.946 0.943 0.945 0.943 0.943]
           mles_embeddings_07943        0.841 0.002   0.839   0.844 0.002  [0.842 0.843 0.841 0.838 0.842]
           mles_embeddings_15887        0.755 0.003   0.751   0.758 0.003  [0.753 0.756 0.752 0.753 0.758]
nn         cpc_finetuning_00496           NaN   NaN     NaN     NaN   NaN            [nan nan nan nan nan]
           cpc_finetuning_00994           NaN   NaN     NaN     NaN   NaN            [nan nan nan nan nan]
           cpc_finetuning_01986           NaN   NaN     NaN     NaN   NaN            [nan nan nan nan nan]
           cpc_finetuning_03971           NaN   NaN     NaN     NaN   NaN            [nan nan nan nan nan]
           cpc_finetuning_07943           NaN   NaN     NaN     NaN   NaN            [nan nan nan nan nan]
           cpc_finetuning_15887           NaN   NaN     NaN     NaN   NaN            [nan nan nan nan nan]
           mles_finetuning_00496          NaN   NaN     NaN     NaN   NaN            [nan nan nan nan nan]
           mles_finetuning_00994          NaN   NaN     NaN     NaN   NaN            [nan nan nan nan nan]
           mles_finetuning_01986          NaN   NaN     NaN     NaN   NaN            [nan nan nan nan nan]
           mles_finetuning_03971          NaN   NaN     NaN     NaN   NaN            [nan nan nan nan nan]
           mles_finetuning_07943          NaN   NaN     NaN     NaN   NaN            [nan nan nan nan nan]
           mles_finetuning_15887          NaN   NaN     NaN     NaN   NaN            [nan nan nan nan nan]
           target_scores_00496            NaN   NaN     NaN     NaN   NaN            [nan nan nan nan nan]
           target_scores_00994            NaN   NaN     NaN     NaN   NaN            [nan nan nan nan nan]
           target_scores_01986            NaN   NaN     NaN     NaN   NaN            [nan nan nan nan nan]
           target_scores_03971            NaN   NaN     NaN     NaN   NaN            [nan nan nan nan nan]
           target_scores_07943            NaN   NaN     NaN     NaN   NaN            [nan nan nan nan nan]
           target_scores_15887            NaN   NaN     NaN     NaN   NaN            [nan nan nan nan nan]
                                 scores_valid                                                             
                                         mean  t_pm t_int_l t_int_h   std                           values
model_name feature_name                                                                                   
lgbm       baseline_00496               0.538 0.008   0.530   0.546 0.007  [0.541 0.527 0.543 0.538 0.540]
           baseline_00994               0.547 0.014   0.533   0.561 0.011  [0.549 0.538 0.563 0.549 0.535]
           baseline_01986               0.553 0.003   0.549   0.556 0.003  [0.549 0.555 0.554 0.554 0.551]
           baseline_03971               0.578 0.006   0.573   0.584 0.004  [0.579 0.578 0.581 0.571 0.582]
           baseline_07943               0.592 0.005   0.587   0.598 0.004  [0.589 0.592 0.592 0.589 0.600]
           baseline_15887               0.597 0.005   0.592   0.602 0.004  [0.591 0.597 0.598 0.597 0.603]
           cpc_embeddings_00496         0.564 0.006   0.558   0.570 0.005  [0.570 0.558 0.567 0.563 0.562]
           cpc_embeddings_00994         0.567 0.008   0.559   0.575 0.006  [0.576 0.560 0.569 0.569 0.562]
           cpc_embeddings_01986         0.568 0.006   0.562   0.575 0.005  [0.566 0.569 0.562 0.575 0.570]
           cpc_embeddings_03971         0.575 0.007   0.568   0.581 0.005  [0.576 0.572 0.567 0.580 0.578]
           cpc_embeddings_07943         0.583 0.004   0.579   0.587 0.003  [0.582 0.585 0.578 0.584 0.586]
           cpc_embeddings_15887         0.585 0.004   0.581   0.590 0.004  [0.584 0.586 0.585 0.581 0.591]
           mles_embeddings_00496        0.560 0.011   0.549   0.571 0.009  [0.563 0.544 0.566 0.561 0.565]
           mles_embeddings_00994        0.571 0.005   0.567   0.576 0.004  [0.575 0.565 0.573 0.572 0.572]
           mles_embeddings_01986        0.579 0.006   0.572   0.585 0.005  [0.583 0.579 0.581 0.581 0.570]
           mles_embeddings_03971        0.590 0.007   0.583   0.597 0.006  [0.591 0.583 0.597 0.593 0.588]
           mles_embeddings_07943        0.598 0.005   0.593   0.603 0.004  [0.599 0.597 0.604 0.594 0.597]
           mles_embeddings_15887        0.602 0.004   0.598   0.605 0.003  [0.599 0.600 0.607 0.601 0.601]
nn         cpc_finetuning_00496         0.534 0.016   0.518   0.550 0.013  [0.550 0.542 0.515 0.529 0.535]
           cpc_finetuning_00994         0.565 0.002   0.562   0.567 0.002  [0.567 0.562 0.564 0.565 0.566]
           cpc_finetuning_01986         0.570 0.003   0.567   0.573 0.003  [0.572 0.567 0.569 0.569 0.573]
           cpc_finetuning_03971         0.571 0.004   0.568   0.575 0.003  [0.575 0.567 0.570 0.572 0.573]
           cpc_finetuning_07943         0.580 0.006   0.574   0.586 0.005  [0.581 0.572 0.579 0.586 0.580]
           cpc_finetuning_15887         0.586 0.006   0.580   0.592 0.005  [0.589 0.578 0.584 0.590 0.587]
           mles_finetuning_00496        0.508 0.014   0.494   0.522 0.011  [0.505 0.517 0.522 0.497 0.497]
           mles_finetuning_00994        0.524 0.017   0.507   0.541 0.014  [0.539 0.514 0.533 0.529 0.506]
           mles_finetuning_01986        0.528 0.011   0.517   0.539 0.009  [0.539 0.533 0.529 0.524 0.516]
           mles_finetuning_03971        0.546 0.008   0.538   0.554 0.006  [0.555 0.549 0.545 0.541 0.540]
           mles_finetuning_07943        0.570 0.005   0.565   0.576 0.004  [0.574 0.572 0.572 0.571 0.563]
           mles_finetuning_15887        0.581 0.007   0.574   0.587 0.005  [0.590 0.577 0.577 0.579 0.580]
           target_scores_00496          0.543 0.011   0.533   0.554 0.008  [0.530 0.547 0.549 0.550 0.541]
           target_scores_00994          0.562 0.009   0.553   0.571 0.007  [0.573 0.562 0.560 0.560 0.554]
           target_scores_01986          0.576 0.006   0.570   0.582 0.005  [0.582 0.574 0.580 0.574 0.571]
           target_scores_03971          0.586 0.006   0.579   0.592 0.005  [0.591 0.588 0.578 0.584 0.589]
           target_scores_07943          0.592 0.008   0.584   0.601 0.007  [0.593 0.592 0.595 0.600 0.582]
           target_scores_15887          0.602 0.007   0.594   0.609 0.006  [0.596 0.598 0.611 0.600 0.603]
                                 scores_test                                                             
                                        mean  t_pm t_int_l t_int_h   std                           values
model_name feature_name                                                                                  
lgbm       baseline_00496              0.534 0.005   0.530   0.539 0.004  [0.529 0.536 0.538 0.533 0.535]
           baseline_00994              0.537 0.002   0.536   0.539 0.001  [0.539 0.536 0.536 0.539 0.537]
           baseline_01986              0.543 0.006   0.538   0.549 0.005  [0.543 0.537 0.550 0.544 0.544]
           baseline_03971              0.565 0.007   0.558   0.571 0.005  [0.567 0.570 0.568 0.561 0.557]
           baseline_07943              0.588 0.005   0.583   0.593 0.004  [0.590 0.586 0.590 0.591 0.581]
           baseline_15887              0.592 0.000   0.591   0.592 0.000  [0.592 0.592 0.592 0.592 0.591]
           cpc_embeddings_00496        0.556 0.004   0.552   0.560 0.003  [0.557 0.558 0.560 0.552 0.553]
           cpc_embeddings_00994        0.560 0.005   0.555   0.565 0.004  [0.557 0.558 0.556 0.562 0.565]
           cpc_embeddings_01986        0.567 0.005   0.562   0.572 0.004  [0.568 0.563 0.572 0.562 0.569]
           cpc_embeddings_03971        0.569 0.006   0.564   0.575 0.005  [0.573 0.565 0.571 0.574 0.564]
           cpc_embeddings_07943        0.587 0.003   0.584   0.590 0.003  [0.586 0.583 0.587 0.590 0.588]
           cpc_embeddings_15887        0.589 0.002   0.587   0.592 0.002  [0.592 0.588 0.590 0.590 0.587]
           mles_embeddings_00496       0.559 0.006   0.553   0.564 0.005  [0.565 0.557 0.561 0.552 0.559]
           mles_embeddings_00994       0.560 0.005   0.556   0.565 0.004  [0.567 0.559 0.559 0.558 0.559]
           mles_embeddings_01986       0.562 0.005   0.557   0.566 0.004  [0.560 0.565 0.562 0.565 0.556]
           mles_embeddings_03971       0.581 0.007   0.574   0.587 0.005  [0.575 0.580 0.582 0.589 0.577]
           mles_embeddings_07943       0.591 0.003   0.588   0.594 0.002  [0.587 0.592 0.591 0.594 0.590]
           mles_embeddings_15887       0.598 0.002   0.595   0.600 0.002  [0.596 0.598 0.596 0.600 0.597]
nn         cpc_finetuning_00496        0.524 0.021   0.502   0.545 0.017  [0.546 0.529 0.497 0.525 0.522]
           cpc_finetuning_00994        0.559 0.003   0.556   0.562 0.002  [0.556 0.562 0.559 0.561 0.559]
           cpc_finetuning_01986        0.560 0.003   0.557   0.563 0.002  [0.559 0.557 0.562 0.560 0.561]
           cpc_finetuning_03971        0.562 0.007   0.555   0.569 0.006  [0.570 0.557 0.560 0.566 0.559]
           cpc_finetuning_07943        0.575 0.006   0.568   0.581 0.005  [0.571 0.572 0.579 0.582 0.571]
           cpc_finetuning_15887        0.584 0.004   0.580   0.588 0.003  [0.586 0.581 0.582 0.589 0.583]
           mles_finetuning_00496       0.496 0.021   0.475   0.518 0.017  [0.500 0.521 0.500 0.483 0.477]
           mles_finetuning_00994       0.507 0.012   0.496   0.519 0.009  [0.520 0.500 0.505 0.514 0.497]
           mles_finetuning_01986       0.517 0.018   0.499   0.534 0.014  [0.535 0.513 0.514 0.523 0.497]
           mles_finetuning_03971       0.533 0.015   0.518   0.547 0.012  [0.534 0.551 0.533 0.524 0.521]
           mles_finetuning_07943       0.562 0.009   0.552   0.571 0.008  [0.567 0.568 0.558 0.565 0.550]
           mles_finetuning_15887       0.568 0.005   0.563   0.573 0.004  [0.574 0.568 0.564 0.570 0.564]
           target_scores_00496         0.542 0.013   0.528   0.555 0.011  [0.529 0.546 0.551 0.551 0.532]
           target_scores_00994         0.559 0.008   0.552   0.567 0.006  [0.561 0.564 0.551 0.566 0.555]
           target_scores_01986         0.569 0.006   0.562   0.575 0.005  [0.573 0.565 0.575 0.568 0.563]
           target_scores_03971         0.578 0.009   0.569   0.587 0.007  [0.586 0.583 0.568 0.579 0.574]
           target_scores_07943         0.586 0.006   0.580   0.592 0.005  [0.588 0.591 0.580 0.589 0.581]
           target_scores_15887         0.598 0.007   0.591   0.604 0.005  [0.599 0.593 0.607 0.595 0.595]

------------------------------------------------------------------------------------------------------------------------
End of report.     Current time: 2021-03-11 07:32:13
------------------------------------------------------------------------------------------------------------------------
