------------------------------------------------------------------------------------------------------------------------
Vector testing report
Params:
    conf: "conf/cpc_v2_embeddings_validation_baselines_supervised.hocon"

Collected 5 files with 0 errors

------------------------------------------------------------------------------------------------------------------------
Metric: "accuracy"
                                            scores_valid                                                                                                                                                                                             
                                                    mean  t_pm t_int_l t_int_h   std                           values t_f_stat t_f_alpha t_t_stat t_t_alpha t_delta t_delta_pm t_delta_l t_delta_h t_delta_pp t_delta_pm_pp t_delta_l_pp t_delta_h_pp
model_name feature_name                                                                                                                                                                                                                              
nn         cpc_v2_finetuning_split_count_20        0.353 0.066   0.288   0.419 0.053  [0.327 0.329 0.333 0.448 0.330]    0.010     0.000   -9.029     0.000  -0.215      0.055    -0.269    -0.160    -37.779         9.649      -47.428      -28.130
           cpc_v2_finetuning_split_count_30        0.389 0.137   0.252   0.526 0.110  [0.460 0.310 0.549 0.316 0.309]    0.002     0.000   -3.625     0.003  -0.179      0.114    -0.293    -0.065    -31.531        20.061      -51.592      -11.471
           cpc_v2_finetuning_split_count_40        0.520 0.013   0.508   0.533 0.010  [0.533 0.508 0.512 0.527 0.521]    0.274     0.119   -9.133     0.000  -0.047      0.012    -0.059    -0.035     -8.361         2.111      -10.472       -6.250
           cpc_v2_finetuning_split_count_50        0.469 0.124   0.345   0.593 0.100  [0.545 0.357 0.542 0.539 0.362]    0.003     0.000   -2.209     0.029  -0.099      0.103    -0.202     0.004    -17.408        18.175      -35.584        0.767
           target_scores                           0.568 0.007   0.561   0.575 0.005  [0.572 0.561 0.570 0.564 0.573]    1.000     0.500    0.000     0.500   0.000      0.008    -0.008     0.008      0.000         1.384       -1.384        1.384
                                            scores_test                                                                                                                                                                                             
                                                   mean  t_pm t_int_l t_int_h   std                           values t_f_stat t_f_alpha t_t_stat t_t_alpha t_delta t_delta_pm t_delta_l t_delta_h t_delta_pp t_delta_pm_pp t_delta_l_pp t_delta_h_pp
model_name feature_name                                                                                                                                                                                                                             
nn         cpc_v2_finetuning_split_count_20       0.373 0.073   0.300   0.446 0.059  [0.347 0.344 0.343 0.478 0.353]    0.002     0.000   -7.263     0.000  -0.191      0.061    -0.251    -0.130    -33.835        10.743      -44.578      -23.092
           cpc_v2_finetuning_split_count_30       0.399 0.122   0.277   0.521 0.098  [0.457 0.330 0.545 0.337 0.326]    0.001     0.000   -3.750     0.003  -0.165      0.101    -0.266    -0.063    -29.242        17.982      -47.224      -11.260
           cpc_v2_finetuning_split_count_40       0.518 0.017   0.502   0.535 0.013  [0.531 0.525 0.502 0.528 0.506]    0.036     0.004   -7.442     0.000  -0.045      0.014    -0.059    -0.031     -8.043         2.492      -10.535       -5.550
           cpc_v2_finetuning_split_count_50       0.467 0.116   0.350   0.583 0.094  [0.540 0.353 0.533 0.530 0.376]    0.001     0.000   -2.321     0.024  -0.097      0.096    -0.194    -0.001    -17.228        17.113      -34.342       -0.115
           target_scores                          0.564 0.003   0.561   0.567 0.003  [0.564 0.562 0.562 0.568 0.562]    1.000     0.500    0.000     0.500   0.000      0.004    -0.004     0.004      0.000         0.657       -0.657        0.657

------------------------------------------------------------------------------------------------------------------------
End of report.     Current time: 2021-04-11 13:06:33
------------------------------------------------------------------------------------------------------------------------
