------------------------------------------------------------------------------------------------------------------------
Vector testing report
Params:
    conf: "conf/cpc_v2_embeddings_validation_baselines_unsupervised_1618092394.hocon"

Collected 25 files with 0 errors

------------------------------------------------------------------------------------------------------------------------
Metric: "accuracy"
                                                             scores_valid                                                                                                                                                                                             
                                                                     mean  t_pm t_int_l t_int_h   std                           values t_f_stat t_f_alpha t_t_stat t_t_alpha t_delta t_delta_pm t_delta_l t_delta_h t_delta_pp t_delta_pm_pp t_delta_l_pp t_delta_h_pp
model_name feature_name                                                                                                                                                                                                                                               
lgbm       baseline                                                 0.598 0.005   0.593   0.602 0.004  [0.594 0.596 0.598 0.598 0.604]    1.000     0.500    0.000     0.500   0.000      0.005    -0.005     0.005      0.000         0.886       -0.886        0.886
           emb__cpc_v2_sub_seq_sampl_strategy_split_count_20        0.581 0.003   0.578   0.585 0.003  [0.582 0.579 0.584 0.578 0.583]    1.757     0.701   -8.154     0.000  -0.017      0.005    -0.021    -0.012     -2.774         0.784       -3.558       -1.989
           emb__cpc_v2_sub_seq_sampl_strategy_split_count_30        0.581 0.002   0.579   0.583 0.002  [0.583 0.578 0.581 0.583 0.580]    3.520     0.875   -9.184     0.000  -0.017      0.004    -0.021    -0.013     -2.826         0.710       -3.536       -2.117
           emb__cpc_v2_sub_seq_sampl_strategy_split_count_40        0.584 0.006   0.578   0.590 0.005  [0.589 0.578 0.589 0.583 0.581]    0.568     0.299   -5.123     0.000  -0.014      0.006    -0.020    -0.008     -2.312         1.041       -3.352       -1.271
           emb__cpc_v2_sub_seq_sampl_strategy_split_count_50        0.581 0.004   0.577   0.585 0.003  [0.582 0.579 0.586 0.581 0.576]    1.099     0.535   -7.558     0.000  -0.017      0.005    -0.022    -0.012     -2.837         0.865       -3.702       -1.971
                                                             scores_test                                                                                                                                                                                             
                                                                    mean  t_pm t_int_l t_int_h   std                           values t_f_stat t_f_alpha t_t_stat t_t_alpha t_delta t_delta_pm t_delta_l t_delta_h t_delta_pp t_delta_pm_pp t_delta_l_pp t_delta_h_pp
model_name feature_name                                                                                                                                                                                                                                              
lgbm       baseline                                                0.592 0.002   0.589   0.594 0.002  [0.595 0.592 0.591 0.590 0.590]    1.000     0.500    0.000     0.500   0.000      0.003    -0.003     0.003      0.000         0.458       -0.458        0.458
           emb__cpc_v2_sub_seq_sampl_strategy_split_count_20       0.573 0.005   0.569   0.578 0.004  [0.574 0.577 0.575 0.573 0.568]    0.259     0.110   -9.999     0.000  -0.018      0.004    -0.023    -0.014     -3.096         0.714       -3.810       -2.382
           emb__cpc_v2_sub_seq_sampl_strategy_split_count_30       0.573 0.003   0.570   0.576 0.002  [0.575 0.574 0.570 0.574 0.571]    0.755     0.396  -14.818     0.000  -0.019      0.003    -0.022    -0.016     -3.172         0.494       -3.666       -2.679
           emb__cpc_v2_sub_seq_sampl_strategy_split_count_40       0.576 0.003   0.573   0.579 0.002  [0.575 0.580 0.574 0.576 0.574]    0.578     0.304  -11.445     0.000  -0.016      0.003    -0.019    -0.013     -2.656         0.535       -3.191       -2.121
           emb__cpc_v2_sub_seq_sampl_strategy_split_count_50       0.568 0.006   0.563   0.574 0.005  [0.566 0.573 0.572 0.570 0.561]    0.150     0.047  -10.087     0.000  -0.023      0.005    -0.028    -0.018     -3.917         0.896       -4.813       -3.022

------------------------------------------------------------------------------------------------------------------------
End of report.     Current time: 2021-04-10 22:11:32
------------------------------------------------------------------------------------------------------------------------
