------------------------------------------------------------------------------------------------------------------------
Vector testing report
Params:
    conf: "conf/embeddings_validation_baselines_supervised.hocon"

Collected 5 files with 0 errors

------------------------------------------------------------------------------------------------------------------------
Metric: "auroc"
split_name                         scores_valid                                                                                                                                                                                             
                                           mean  t_pm t_int_l t_int_h   std                           values t_f_stat t_f_alpha t_t_stat t_t_alpha t_delta t_delta_pm t_delta_l t_delta_h t_delta_pp t_delta_pm_pp t_delta_l_pp t_delta_h_pp
model_name feature_name                                                                                                                                                                                                                     
nn         barlow_twins_finetuning        0.830 0.017   0.813   0.847 0.014  [0.835 0.839 0.808 0.842 0.824]    0.657     0.347   -2.295     0.025  -0.018      0.018    -0.036     0.000     -2.134         2.144       -4.278        0.010
           cpc_finetuning                 0.850 0.007   0.843   0.857 0.005  [0.856 0.851 0.849 0.851 0.841]    4.148     0.901    0.373     0.641   0.002      0.013    -0.011     0.015      0.244         1.504       -1.261        1.748
           mles_finetuning                0.867 0.010   0.857   0.877 0.008  [0.877 0.871 0.856 0.868 0.863]    1.930     0.730    3.194     0.994   0.020      0.014     0.005     0.034      2.304         1.664        0.640        3.968
           rtd_finetuning                 0.847 0.009   0.838   0.856 0.007  [0.854 0.852 0.843 0.848 0.836]    2.208     0.769   -0.148     0.443  -0.001      0.014    -0.015     0.013     -0.104         1.628       -1.732        1.523
           target_scores                  0.848 0.014   0.834   0.862 0.011  [0.865 0.852 0.840 0.842 0.839]    1.000     0.500    0.000     0.500   0.000      0.016    -0.016     0.016      0.000         1.910       -1.910        1.910
split_name                         scores_test                                                                                                                                                                                             
                                          mean  t_pm t_int_l t_int_h   std                           values t_f_stat t_f_alpha t_t_stat t_t_alpha t_delta t_delta_pm t_delta_l t_delta_h t_delta_pp t_delta_pm_pp t_delta_l_pp t_delta_h_pp
model_name feature_name                                                                                                                                                                                                                    
nn         barlow_twins_finetuning       0.853 0.003   0.850   0.855 0.002  [0.852 0.855 0.850 0.851 0.854]    4.099     0.900   -2.593     0.016  -0.005      0.005    -0.010    -0.001     -0.627         0.557       -1.184       -0.069
           cpc_finetuning                0.865 0.002   0.864   0.867 0.001  [0.863 0.866 0.865 0.866 0.866]    8.056     0.966    3.771     0.997   0.007      0.005     0.003     0.012      0.867         0.530        0.337        1.396
           mles_finetuning               0.871 0.003   0.868   0.874 0.002  [0.872 0.871 0.871 0.868 0.875]    2.971     0.842    6.290     1.000   0.014      0.005     0.009     0.018      1.576         0.578        0.998        2.154
           rtd_finetuning                0.869 0.003   0.865   0.872 0.003  [0.870 0.867 0.868 0.866 0.872]    2.352     0.786    4.804     0.999   0.011      0.005     0.006     0.016      1.243         0.597        0.646        1.840
           target_scores                 0.858 0.005   0.853   0.863 0.004  [0.862 0.852 0.860 0.855 0.860]    1.000     0.500    0.000     0.500   0.000      0.006    -0.006     0.006      0.000         0.707       -0.707        0.707

------------------------------------------------------------------------------------------------------------------------
End of report.     Current time: 2021-11-30 11:22:14
------------------------------------------------------------------------------------------------------------------------
