------------------------------------------------------------------------------------------------------------------------
Vector testing report
Params:
    conf: "conf/embeddings_validation_baselines_unsupervised.hocon"

Collected 35 files with 0 errors

------------------------------------------------------------------------------------------------------------------------
Metric: "auroc"
                           scores_valid                                                                                                                                                                                             
                                   mean  t_pm t_int_l t_int_h   std                           values t_f_stat t_f_alpha t_t_stat t_t_alpha t_delta t_delta_pm t_delta_l t_delta_h t_delta_pp t_delta_pm_pp t_delta_l_pp t_delta_h_pp
model_name feature_name                                                                                                                                                                                                             
lgbm       baseline               0.875 0.014   0.861   0.889 0.011  [0.892 0.881 0.864 0.870 0.869]    1.000     0.500    0.000     0.500   0.000      0.016    -0.016     0.016      0.000         1.866       -1.866        1.866
           cpc_embeddings         0.850 0.012   0.838   0.862 0.010  [0.864 0.853 0.850 0.843 0.839]    1.356     0.613   -3.844     0.002  -0.025      0.015    -0.041    -0.010     -2.898         1.739       -4.637       -1.159
           mles_embeddings        0.874 0.013   0.861   0.887 0.010  [0.885 0.882 0.859 0.875 0.868]    1.150     0.552   -0.221     0.415  -0.002      0.016    -0.017     0.014     -0.173         1.804       -1.977        1.631
           nsp_embeddings         0.827 0.008   0.819   0.835 0.006  [0.829 0.830 0.823 0.834 0.817]    3.009     0.844   -8.434     0.000  -0.049      0.013    -0.062    -0.035     -5.569         1.523       -7.092       -4.046
           random_encoder         0.616 0.027   0.589   0.642 0.022  [0.615 0.598 0.647 0.593 0.625]    0.270     0.116  -23.924     0.000  -0.260      0.025    -0.285    -0.235    -29.678         2.861      -32.538      -26.817
           rtd_embeddings         0.851 0.008   0.843   0.860 0.007  [0.853 0.861 0.844 0.852 0.847]    2.830     0.831   -4.111     0.002  -0.024      0.013    -0.037    -0.011     -2.736         1.535       -4.270       -1.201
           sop_embeddings         0.759 0.012   0.747   0.772 0.010  [0.757 0.759 0.749 0.776 0.756]    1.251     0.583  -17.265     0.000  -0.116      0.015    -0.131    -0.100    -13.248         1.769      -15.017      -11.478
                           scores_test                                                                                                                                                                                             
                                  mean  t_pm t_int_l t_int_h   std                           values t_f_stat t_f_alpha t_t_stat t_t_alpha t_delta t_delta_pm t_delta_l t_delta_h t_delta_pp t_delta_pm_pp t_delta_l_pp t_delta_h_pp
model_name feature_name                                                                                                                                                                                                            
lgbm       baseline              0.877 0.003   0.874   0.880 0.003  [0.876 0.880 0.877 0.873 0.879]    1.000     0.500    0.000     0.500   0.000      0.004    -0.004     0.004      0.000         0.444       -0.444        0.444
           cpc_embeddings        0.847 0.005   0.841   0.852 0.004  [0.848 0.843 0.847 0.843 0.853]    0.395     0.195  -13.554     0.000  -0.030      0.005    -0.036    -0.025     -3.470         0.590       -4.060       -2.879
           mles_embeddings       0.882 0.005   0.877   0.887 0.004  [0.878 0.883 0.882 0.880 0.888]    0.504     0.262    2.411     0.979   0.005      0.005     0.000     0.010      0.567         0.543        0.025        1.110
           nsp_embeddings        0.844 0.004   0.839   0.848 0.004  [0.844 0.844 0.839 0.843 0.849]    0.544     0.285  -16.469     0.000  -0.033      0.005    -0.038    -0.029     -3.781         0.529       -4.310       -3.251
           random_encoder        0.592 0.011   0.581   0.602 0.009  [0.592 0.580 0.589 0.594 0.604]    0.095     0.021  -70.497     0.000  -0.285      0.009    -0.295    -0.276    -32.549         1.065      -33.614      -31.484
           rtd_embeddings        0.858 0.003   0.855   0.861 0.003  [0.856 0.859 0.861 0.855 0.859]    1.026     0.510  -11.356     0.000  -0.019      0.004    -0.023    -0.015     -2.174         0.442       -2.616       -1.733
           sop_embeddings        0.752 0.006   0.746   0.758 0.005  [0.752 0.758 0.748 0.747 0.755]    0.331     0.155  -52.147     0.000  -0.125      0.006    -0.131    -0.119    -14.249         0.630      -14.880      -13.619

------------------------------------------------------------------------------------------------------------------------
Metric: "accuracy"
                           scores_valid                                                                                                                                                                                             
                                   mean  t_pm t_int_l t_int_h   std                           values t_f_stat t_f_alpha t_t_stat t_t_alpha t_delta t_delta_pm t_delta_l t_delta_h t_delta_pp t_delta_pm_pp t_delta_l_pp t_delta_h_pp
model_name feature_name                                                                                                                                                                                                             
lgbm       baseline               0.793 0.017   0.776   0.810 0.014  [0.815 0.792 0.786 0.792 0.779]    1.000     0.500    0.000     0.500   0.000      0.020    -0.020     0.020      0.000         2.522       -2.522        2.522
           cpc_embeddings         0.766 0.018   0.749   0.784 0.014  [0.786 0.769 0.769 0.762 0.747]    0.921     0.469   -3.002     0.009  -0.027      0.020    -0.047    -0.006     -3.353         2.576       -5.928       -0.777
           mles_embeddings        0.793 0.017   0.776   0.809 0.013  [0.810 0.799 0.773 0.788 0.793]    1.040     0.515   -0.046     0.482  -0.000      0.020    -0.020     0.019     -0.050         2.498       -2.548        2.448
           nsp_embeddings         0.753 0.012   0.740   0.765 0.010  [0.755 0.757 0.747 0.766 0.739]    1.893     0.724   -5.303     0.000  -0.040      0.017    -0.058    -0.023     -5.071         2.205       -7.276       -2.866
           random_encoder         0.594 0.025   0.569   0.618 0.020  [0.589 0.576 0.623 0.577 0.604]    0.481     0.248  -18.505     0.000  -0.199      0.025    -0.224    -0.174    -25.121         3.131      -28.251      -21.990
           rtd_embeddings         0.772 0.015   0.757   0.787 0.012  [0.785 0.779 0.760 0.778 0.759]    1.298     0.597   -2.561     0.017  -0.021      0.019    -0.040    -0.002     -2.636         2.373       -5.009       -0.262
           sop_embeddings         0.700 0.014   0.686   0.714 0.011  [0.705 0.693 0.688 0.717 0.696]    1.477     0.643  -11.724     0.000  -0.093      0.018    -0.111    -0.075    -11.743         2.310      -14.053       -9.433
                           scores_test                                                                                                                                                                                             
                                  mean  t_pm t_int_l t_int_h   std                           values t_f_stat t_f_alpha t_t_stat t_t_alpha t_delta t_delta_pm t_delta_l t_delta_h t_delta_pp t_delta_pm_pp t_delta_l_pp t_delta_h_pp
model_name feature_name                                                                                                                                                                                                            
lgbm       baseline              0.791 0.001   0.790   0.793 0.001  [0.792 0.792 0.790 0.790 0.793]    1.000     0.500    0.000     0.500   0.000      0.001    -0.001     0.001      0.000         0.184       -0.184        0.184
           cpc_embeddings        0.768 0.008   0.760   0.777 0.007  [0.779 0.764 0.761 0.770 0.768]    0.022     0.001   -7.551     0.000  -0.023      0.007    -0.030    -0.016     -2.918         0.891       -3.809       -2.027
           mles_embeddings       0.799 0.009   0.790   0.808 0.007  [0.789 0.810 0.799 0.799 0.798]    0.019     0.001    2.273     0.974   0.007      0.007    -0.000     0.015      0.933         0.946       -0.014        1.879
           nsp_embeddings        0.761 0.008   0.753   0.769 0.006  [0.764 0.764 0.751 0.767 0.758]    0.025     0.002  -10.742     0.000  -0.030      0.007    -0.037    -0.024     -3.851         0.827       -4.677       -3.024
           random_encoder        0.578 0.008   0.571   0.586 0.006  [0.585 0.568 0.580 0.580 0.580]    0.026     0.002  -75.777     0.000  -0.213      0.006    -0.220    -0.207    -26.925         0.819      -27.745      -26.106
           rtd_embeddings        0.770 0.006   0.763   0.776 0.005  [0.777 0.764 0.771 0.768 0.767]    0.038     0.004   -9.439     0.000  -0.022      0.005    -0.027    -0.017     -2.768         0.676       -3.444       -2.092
           sop_embeddings        0.695 0.010   0.685   0.705 0.008  [0.700 0.706 0.686 0.689 0.695]    0.015     0.001  -26.298     0.000  -0.096      0.008    -0.105    -0.088    -12.154         1.066      -13.220      -11.088

------------------------------------------------------------------------------------------------------------------------
End of report.     Current time: 2021-01-15 13:13:25
------------------------------------------------------------------------------------------------------------------------
