------------------------------------------------------------------------------------------------------------------------
Vector testing report
Params:
    conf: "conf/embeddings_validation_short_1607173987.hocon"

Collected 20 files with 0 errors

------------------------------------------------------------------------------------------------------------------------
Metric: "auroc"
                                              scores_valid                                                                                                                                                                                             
                                                      mean  t_pm t_int_l t_int_h   std                           values t_f_stat t_f_alpha t_t_stat t_t_alpha t_delta t_delta_pm t_delta_l t_delta_h t_delta_pp t_delta_pm_pp t_delta_l_pp t_delta_h_pp
model_name feature_name                                                                                                                                                                                                                                
lgbm       emb__lr_cosine_annealing                  0.874 0.015   0.859   0.888 0.012  [0.887 0.882 0.857 0.873 0.869]    0.641     0.338   -0.176     0.432  -0.001      0.016    -0.017     0.014     -0.136         1.782       -1.917        1.646
           emb__lr_reduce_on_plateau                 0.874 0.012   0.862   0.886 0.010  [0.882 0.883 0.859 0.871 0.874]    0.939     0.477   -0.150     0.442  -0.001      0.014    -0.015     0.013     -0.104         1.600       -1.704        1.496
           emb__lr_reduce_on_plateau_x2epochs        0.873 0.014   0.858   0.887 0.012  [0.883 0.885 0.856 0.868 0.873]    0.657     0.347   -0.277     0.394  -0.002      0.015    -0.017     0.014     -0.212         1.769       -1.981        1.556
           mles_embeddings                           0.875 0.012   0.863   0.887 0.009  [0.886 0.881 0.861 0.873 0.872]    1.000     0.500    0.000     0.500   0.000      0.014    -0.014     0.014      0.000         1.575       -1.575        1.575
                                              scores_test                                                                                                                                                                                             
                                                     mean  t_pm t_int_l t_int_h   std                           values t_f_stat t_f_alpha t_t_stat t_t_alpha t_delta t_delta_pm t_delta_l t_delta_h t_delta_pp t_delta_pm_pp t_delta_l_pp t_delta_h_pp
model_name feature_name                                                                                                                                                                                                                               
lgbm       emb__lr_cosine_annealing                 0.880 0.003   0.877   0.882 0.002  [0.880 0.878 0.880 0.877 0.883]    1.225     0.576   -3.183     0.006  -0.004      0.003    -0.008    -0.001     -0.506         0.367       -0.873       -0.139
           emb__lr_reduce_on_plateau                0.883 0.003   0.880   0.885 0.002  [0.882 0.882 0.884 0.880 0.885]    1.242     0.581   -1.052     0.162  -0.001      0.003    -0.005     0.002     -0.167         0.366       -0.532        0.199
           emb__lr_reduce_on_plateau_x2epochs       0.881 0.004   0.877   0.885 0.003  [0.876 0.885 0.879 0.882 0.883]    0.491     0.254   -1.573     0.077  -0.003      0.004    -0.007     0.001     -0.323         0.474       -0.798        0.151
           mles_embeddings                          0.884 0.003   0.881   0.887 0.002  [0.883 0.884 0.882 0.882 0.888]    1.000     0.500    0.000     0.500   0.000      0.003    -0.003     0.003      0.000         0.385       -0.385        0.385

------------------------------------------------------------------------------------------------------------------------
Metric: "accuracy"
                                              scores_valid                                                                                                                                                                                             
                                                      mean  t_pm t_int_l t_int_h   std                           values t_f_stat t_f_alpha t_t_stat t_t_alpha t_delta t_delta_pm t_delta_l t_delta_h t_delta_pp t_delta_pm_pp t_delta_l_pp t_delta_h_pp
model_name feature_name                                                                                                                                                                                                                                
lgbm       emb__lr_cosine_annealing                  0.790 0.015   0.775   0.806 0.012  [0.807 0.795 0.773 0.791 0.786]    1.582     0.666   -0.732     0.242  -0.006      0.020    -0.027     0.014     -0.813         2.561       -3.374        1.747
           emb__lr_reduce_on_plateau                 0.795 0.015   0.780   0.810 0.012  [0.809 0.805 0.780 0.786 0.797]    1.621     0.674   -0.180     0.431  -0.002      0.020    -0.022     0.019     -0.199         2.549       -2.748        2.349
           emb__lr_reduce_on_plateau_x2epochs        0.791 0.018   0.773   0.810 0.015  [0.804 0.806 0.774 0.778 0.795]    1.100     0.536   -0.594     0.284  -0.006      0.022    -0.028     0.016     -0.714         2.770       -3.483        2.056
           mles_embeddings                           0.797 0.019   0.778   0.816 0.015  [0.819 0.804 0.778 0.788 0.796]    1.000     0.500    0.000     0.500   0.000      0.023    -0.023     0.023      0.000         2.835       -2.835        2.835
                                              scores_test                                                                                                                                                                                             
                                                     mean  t_pm t_int_l t_int_h   std                           values t_f_stat t_f_alpha t_t_stat t_t_alpha t_delta t_delta_pm t_delta_l t_delta_h t_delta_pp t_delta_pm_pp t_delta_l_pp t_delta_h_pp
model_name feature_name                                                                                                                                                                                                                               
lgbm       emb__lr_cosine_annealing                 0.794 0.005   0.789   0.799 0.004  [0.792 0.796 0.794 0.789 0.799]    1.270     0.589   -1.783     0.056  -0.005      0.006    -0.010     0.001     -0.566         0.732       -1.299        0.166
           emb__lr_reduce_on_plateau                0.798 0.008   0.790   0.806 0.006  [0.794 0.798 0.795 0.795 0.810]    0.441     0.224   -0.069     0.473  -0.000      0.008    -0.008     0.008     -0.030         0.990       -1.020        0.961
           emb__lr_reduce_on_plateau_x2epochs       0.798 0.003   0.795   0.801 0.003  [0.795 0.798 0.799 0.802 0.796]    2.396     0.791   -0.211     0.419  -0.000      0.005    -0.006     0.005     -0.060         0.652       -0.712        0.593
           mles_embeddings                          0.799 0.005   0.793   0.804 0.004  [0.796 0.798 0.798 0.795 0.806]    1.000     0.500    0.000     0.500   0.000      0.006    -0.006     0.006      0.000         0.775       -0.775        0.775

------------------------------------------------------------------------------------------------------------------------
End of report.     Current time: 2020-12-05 13:14:07
------------------------------------------------------------------------------------------------------------------------
