------------------------------------------------------------------------------------------------------------------------
Vector testing report
Params:
    conf: "conf/embeddings_validation_short_1638476578.hocon"

Collected 65 files with 0 errors

------------------------------------------------------------------------------------------------------------------------
Metric: "auroc"
split_name                                     scores_valid                                                                                                                                                                                             
                                                       mean  t_pm t_int_l t_int_h   std                           values t_f_stat t_f_alpha t_t_stat t_t_alpha t_delta t_delta_pm t_delta_l t_delta_h t_delta_pp t_delta_pm_pp t_delta_l_pp t_delta_h_pp
model_name feature_name                                                                                                                                                                                                                                 
lgbm       emb__projection_head_rnn0128_prh064        0.858 0.005   0.853   0.863 0.004  [0.858 0.864 0.856 0.859 0.854]    3.176     0.855   -4.843     0.001  -0.017      0.008    -0.025    -0.009     -1.913         0.911       -2.824       -1.002
           emb__projection_head_rnn0128_prh128        0.857 0.010   0.848   0.867 0.008  [0.859 0.867 0.848 0.861 0.851]    0.738     0.388   -3.768     0.003  -0.017      0.011    -0.028    -0.007     -1.992         1.219       -3.211       -0.773
           emb__projection_head_rnn0128_prh256        0.862 0.010   0.853   0.872 0.008  [0.870 0.870 0.852 0.857 0.862]    0.768     0.402   -2.735     0.013  -0.013      0.011    -0.023    -0.002     -1.429         1.205       -2.635       -0.224
           emb__projection_head_rnn0256_prh064        0.865 0.009   0.857   0.874 0.007  [0.871 0.873 0.856 0.865 0.861]    0.959     0.484   -2.228     0.028  -0.010      0.010    -0.020     0.000     -1.097         1.136       -2.233        0.038
           emb__projection_head_rnn0256_prh128        0.865 0.012   0.853   0.877 0.010  [0.876 0.874 0.852 0.864 0.860]    0.464     0.238   -1.811     0.054  -0.010      0.012    -0.022     0.003     -1.109         1.411       -2.520        0.303
           emb__projection_head_rnn0256_prh256        0.865 0.013   0.852   0.877 0.010  [0.876 0.873 0.850 0.864 0.860]    0.438     0.222   -1.871     0.049  -0.010      0.013    -0.023     0.002     -1.168         1.440       -2.608        0.271
           emb__projection_head_rnn0512_prh064        0.866 0.012   0.854   0.878 0.009  [0.873 0.876 0.853 0.869 0.860]    0.506     0.263   -1.652     0.069  -0.009      0.012    -0.021     0.003     -0.982         1.371       -2.353        0.389
           emb__projection_head_rnn0512_prh128        0.868 0.012   0.856   0.879 0.009  [0.880 0.871 0.855 0.869 0.863]    0.515     0.268   -1.351     0.107  -0.007      0.012    -0.019     0.005     -0.798         1.363       -2.161        0.565
           emb__projection_head_rnn0512_prh256        0.866 0.012   0.854   0.878 0.010  [0.871 0.876 0.855 0.870 0.856]    0.494     0.256   -1.699     0.064  -0.009      0.012    -0.021     0.003     -1.018         1.382       -2.400        0.364
           emb__projection_head_rnn1024_prh064        0.862 0.008   0.854   0.871 0.007  [0.868 0.870 0.856 0.860 0.856]    1.011     0.504   -2.935     0.009  -0.012      0.010    -0.022    -0.003     -1.426         1.120       -2.546       -0.305
           emb__projection_head_rnn1024_prh128        0.862 0.012   0.850   0.875 0.010  [0.873 0.873 0.851 0.859 0.856]    0.457     0.234   -2.280     0.026  -0.012      0.012    -0.025     0.000     -1.403         1.418       -2.821        0.016
           emb__projection_head_rnn1024_prh256        0.865 0.014   0.852   0.879 0.011  [0.874 0.877 0.851 0.866 0.857]    0.380     0.186   -1.678     0.066  -0.010      0.013    -0.023     0.004     -1.102         1.514       -2.616        0.413
           mles_embeddings                            0.875 0.008   0.866   0.883 0.007  [0.882 0.882 0.867 0.874 0.870]    1.000     0.500    0.000     0.500   0.000      0.010    -0.010     0.010      0.000         1.124       -1.124        1.124
split_name                                     scores_test                                                                                                                                                                                             
                                                      mean  t_pm t_int_l t_int_h   std                           values t_f_stat t_f_alpha t_t_stat t_t_alpha t_delta t_delta_pm t_delta_l t_delta_h t_delta_pp t_delta_pm_pp t_delta_l_pp t_delta_h_pp
model_name feature_name                                                                                                                                                                                                                                
lgbm       emb__projection_head_rnn0128_prh064       0.874 0.004   0.870   0.878 0.003  [0.873 0.870 0.872 0.876 0.878]    0.612     0.323   -5.283     0.000  -0.010      0.004    -0.014    -0.005     -1.092         0.477       -1.568       -0.615
           emb__projection_head_rnn0128_prh128       0.868 0.004   0.864   0.872 0.003  [0.866 0.871 0.866 0.866 0.872]    0.665     0.351   -8.714     0.000  -0.016      0.004    -0.020    -0.011     -1.756         0.465       -2.220       -1.291
           emb__projection_head_rnn0128_prh256       0.877 0.003   0.874   0.880 0.002  [0.878 0.873 0.879 0.876 0.879]    1.140     0.549   -4.129     0.002  -0.006      0.004    -0.010    -0.003     -0.720         0.402       -1.123       -0.318
           emb__projection_head_rnn0256_prh064       0.865 0.006   0.859   0.870 0.004  [0.862 0.862 0.863 0.866 0.872]    0.314     0.144   -8.090     0.000  -0.019      0.005    -0.024    -0.013     -2.107         0.600       -2.707       -1.506
           emb__projection_head_rnn0256_prh128       0.874 0.004   0.871   0.878 0.003  [0.874 0.874 0.870 0.875 0.879]    0.756     0.397   -5.355     0.000  -0.009      0.004    -0.013    -0.005     -1.039         0.447       -1.487       -0.592
           emb__projection_head_rnn0256_prh256       0.873 0.002   0.870   0.875 0.002  [0.872 0.873 0.873 0.870 0.874]    2.163     0.763   -8.105     0.000  -0.011      0.003    -0.014    -0.008     -1.248         0.355       -1.603       -0.893
           emb__projection_head_rnn0512_prh064       0.877 0.003   0.874   0.880 0.003  [0.874 0.876 0.877 0.878 0.881]    0.956     0.483   -3.912     0.002  -0.006      0.004    -0.010    -0.003     -0.713         0.420       -1.133       -0.293
           emb__projection_head_rnn0512_prh128       0.877 0.003   0.874   0.880 0.003  [0.878 0.873 0.877 0.877 0.880]    0.970     0.488   -4.076     0.002  -0.007      0.004    -0.010    -0.003     -0.740         0.419       -1.158       -0.321
           emb__projection_head_rnn0512_prh256       0.872 0.004   0.868   0.876 0.003  [0.871 0.872 0.868 0.873 0.876]    0.633     0.334   -6.349     0.000  -0.011      0.004    -0.016    -0.007     -1.299         0.472       -1.770       -0.827
           emb__projection_head_rnn1024_prh064       0.874 0.003   0.871   0.877 0.002  [0.875 0.876 0.870 0.874 0.874]    1.133     0.547   -6.390     0.000  -0.010      0.004    -0.013    -0.006     -1.117         0.403       -1.520       -0.714
           emb__projection_head_rnn1024_prh128       0.871 0.002   0.869   0.873 0.002  [0.868 0.871 0.870 0.871 0.873]    2.194     0.767   -9.505     0.000  -0.013      0.003    -0.016    -0.010     -1.461         0.354       -1.815       -1.106
           emb__projection_head_rnn1024_prh256       0.863 0.004   0.858   0.867 0.003  [0.863 0.865 0.865 0.857 0.863]    0.541     0.283  -11.029     0.000  -0.021      0.004    -0.025    -0.017     -2.371         0.496       -2.867       -1.875
           mles_embeddings                           0.884 0.003   0.880   0.887 0.003  [0.885 0.884 0.881 0.880 0.886]    1.000     0.500    0.000     0.500   0.000      0.004    -0.004     0.004      0.000         0.415       -0.415        0.415

------------------------------------------------------------------------------------------------------------------------
Metric: "accuracy"
split_name                                     scores_valid                                                                                                                                                                                             
                                                       mean  t_pm t_int_l t_int_h   std                           values t_f_stat t_f_alpha t_t_stat t_t_alpha t_delta t_delta_pm t_delta_l t_delta_h t_delta_pp t_delta_pm_pp t_delta_l_pp t_delta_h_pp
model_name feature_name                                                                                                                                                                                                                                 
lgbm       emb__projection_head_rnn0128_prh064        0.779 0.013   0.766   0.793 0.011  [0.785 0.793 0.768 0.782 0.769]    1.908     0.727   -1.031     0.166  -0.008      0.019    -0.027     0.010     -1.074         2.402       -3.476        1.328
           emb__projection_head_rnn0128_prh128        0.776 0.015   0.762   0.791 0.012  [0.786 0.780 0.763 0.786 0.765]    1.618     0.674   -1.408     0.098  -0.012      0.020    -0.031     0.008     -1.511         2.475       -3.986        0.964
           emb__projection_head_rnn0128_prh256        0.783 0.010   0.773   0.793 0.008  [0.790 0.785 0.769 0.785 0.786]    3.164     0.855   -0.659     0.264  -0.005      0.018    -0.023     0.013     -0.638         2.232       -2.870        1.594
           emb__projection_head_rnn0256_prh064        0.778 0.010   0.768   0.788 0.008  [0.786 0.781 0.765 0.776 0.780]    3.407     0.869   -1.382     0.102  -0.010      0.017    -0.028     0.007     -1.326         2.213       -3.539        0.887
           emb__projection_head_rnn0256_prh128        0.784 0.014   0.770   0.798 0.011  [0.785 0.794 0.765 0.788 0.788]    1.793     0.707   -0.462     0.328  -0.004      0.019    -0.023     0.015     -0.487         2.428       -2.915        1.942
           emb__projection_head_rnn0256_prh256        0.789 0.018   0.772   0.807 0.014  [0.806 0.799 0.771 0.790 0.781]    1.104     0.537    0.159     0.561   0.001      0.021    -0.020     0.023      0.185         2.686       -2.502        2.871
           emb__projection_head_rnn0512_prh064        0.787 0.017   0.770   0.805 0.014  [0.793 0.802 0.767 0.795 0.781]    1.155     0.554   -0.058     0.477  -0.001      0.021    -0.021     0.020     -0.067         2.658       -2.725        2.590
           emb__projection_head_rnn0512_prh128        0.791 0.012   0.779   0.802 0.009  [0.800 0.798 0.777 0.793 0.785]    2.449     0.797    0.335     0.627   0.003      0.018    -0.016     0.021      0.336         2.309       -1.973        2.645
           emb__projection_head_rnn0512_prh256        0.783 0.020   0.764   0.803 0.016  [0.796 0.796 0.760 0.792 0.774]    0.885     0.454   -0.464     0.328  -0.004      0.022    -0.027     0.018     -0.571         2.840       -3.410        2.269
           emb__projection_head_rnn1024_prh064        0.781 0.006   0.776   0.787 0.004  [0.782 0.785 0.774 0.781 0.784]   11.057     0.981   -0.972     0.180  -0.007      0.016    -0.023     0.009     -0.856         2.032       -2.888        1.176
           emb__projection_head_rnn1024_prh128        0.782 0.011   0.771   0.792 0.009  [0.787 0.793 0.771 0.777 0.780]    2.909     0.837   -0.824     0.217  -0.006      0.018    -0.024     0.011     -0.806         2.256       -3.061        1.450
           emb__projection_head_rnn1024_prh256        0.783 0.018   0.765   0.800 0.014  [0.800 0.792 0.763 0.782 0.776]    1.074     0.527   -0.587     0.287  -0.005      0.021    -0.027     0.016     -0.688         2.704       -3.392        2.016
           mles_embeddings                            0.788 0.018   0.770   0.806 0.015  [0.810 0.794 0.772 0.787 0.777]    1.000     0.500    0.000     0.500   0.000      0.022    -0.022     0.022      0.000         2.752       -2.752        2.752
split_name                                     scores_test                                                                                                                                                                                             
                                                      mean  t_pm t_int_l t_int_h   std                           values t_f_stat t_f_alpha t_t_stat t_t_alpha t_delta t_delta_pm t_delta_l t_delta_h t_delta_pp t_delta_pm_pp t_delta_l_pp t_delta_h_pp
model_name feature_name                                                                                                                                                                                                                                
lgbm       emb__projection_head_rnn0128_prh064       0.787 0.007   0.780   0.795 0.006  [0.786 0.780 0.786 0.796 0.788]    0.883     0.454   -1.607     0.073  -0.006      0.009    -0.014     0.003     -0.751         1.077       -1.827        0.326
           emb__projection_head_rnn0128_prh128       0.783 0.005   0.777   0.788 0.004  [0.783 0.780 0.788 0.777 0.786]    1.707     0.691   -3.205     0.006  -0.010      0.007    -0.018    -0.003     -1.291         0.929       -2.220       -0.362
           emb__projection_head_rnn0128_prh256       0.792 0.003   0.789   0.795 0.002  [0.792 0.789 0.795 0.794 0.792]    5.974     0.944   -0.261     0.400  -0.001      0.006    -0.007     0.006     -0.090         0.797       -0.887        0.707
           emb__projection_head_rnn0256_prh064       0.771 0.010   0.761   0.782 0.008  [0.769 0.771 0.775 0.782 0.760]    0.468     0.240   -4.823     0.001  -0.022      0.010    -0.032    -0.011     -2.732         1.306       -4.038       -1.426
           emb__projection_head_rnn0256_prh128       0.785 0.007   0.778   0.793 0.006  [0.795 0.783 0.786 0.781 0.781]    0.915     0.467   -2.141     0.032  -0.008      0.008    -0.016     0.001     -0.991         1.067       -2.058        0.076
           emb__projection_head_rnn0256_prh256       0.784 0.010   0.774   0.794 0.008  [0.793 0.771 0.785 0.789 0.783]    0.486     0.251   -1.986     0.041  -0.009      0.010    -0.019     0.001     -1.111         1.290       -2.400        0.179
           emb__projection_head_rnn0512_prh064       0.796 0.007   0.789   0.803 0.006  [0.793 0.790 0.793 0.805 0.799]    0.954     0.482    0.787     0.773   0.003      0.008    -0.006     0.011      0.360         1.056       -0.695        1.416
           emb__projection_head_rnn0512_prh128       0.788 0.009   0.779   0.798 0.007  [0.800 0.790 0.787 0.783 0.781]    0.579     0.305   -1.137     0.144  -0.005      0.010    -0.014     0.005     -0.600         1.218       -1.818        0.617
           emb__projection_head_rnn0512_prh256       0.795 0.007   0.788   0.802 0.006  [0.793 0.800 0.787 0.801 0.794]    0.958     0.484    0.525     0.693   0.002      0.008    -0.006     0.010      0.240         1.054       -0.814        1.295
           emb__projection_head_rnn1024_prh064       0.790 0.005   0.784   0.795 0.004  [0.783 0.790 0.788 0.794 0.793]    1.773     0.704   -1.051     0.162  -0.003      0.007    -0.011     0.004     -0.420         0.922       -1.343        0.502
           emb__projection_head_rnn1024_prh128       0.787 0.007   0.780   0.794 0.006  [0.783 0.780 0.788 0.790 0.794]    1.000     0.500   -1.659     0.068  -0.006      0.008    -0.014     0.002     -0.751         1.043       -1.794        0.293
           emb__projection_head_rnn1024_prh256       0.781 0.009   0.772   0.791 0.007  [0.774 0.789 0.789 0.779 0.776]    0.593     0.312   -2.806     0.011  -0.012      0.010    -0.021    -0.002     -1.471         1.209       -2.680       -0.262
           mles_embeddings                           0.793 0.007   0.786   0.800 0.006  [0.794 0.800 0.796 0.786 0.789]    1.000     0.500    0.000     0.500   0.000      0.008    -0.008     0.008      0.000         1.043       -1.043        1.043

------------------------------------------------------------------------------------------------------------------------
End of report.     Current time: 2021-12-02 20:25:49
------------------------------------------------------------------------------------------------------------------------
