------------------------------------------------------------------------------------------------------------------------
Vector testing report
Params:
    conf: "conf/embeddings_validation_short_1638389903.hocon"

Collected 30 files with 0 errors

------------------------------------------------------------------------------------------------------------------------
Metric: "auroc"
split_name                                                 scores_valid                                                                                                                                                                                             
                                                                   mean  t_pm t_int_l t_int_h   std                           values t_f_stat t_f_alpha t_t_stat t_t_alpha t_delta t_delta_pm t_delta_l t_delta_h t_delta_pp t_delta_pm_pp t_delta_l_pp t_delta_h_pp
model_name feature_name                                                                                                                                                                                                                                             
lgbm       emb__smpl_strategy_AllPositivePair                     0.845 0.016   0.829   0.860 0.013  [0.847 0.861 0.833 0.850 0.831]    0.290     0.129   -4.758     0.001  -0.030      0.015    -0.045    -0.016     -3.457         1.675       -5.132       -1.781
           emb__smpl_strategy_DistanceWeightedPair                0.847 0.013   0.835   0.860 0.010  [0.849 0.862 0.833 0.848 0.844]    0.443     0.225   -5.061     0.000  -0.028      0.013    -0.040    -0.015     -3.148         1.434       -4.582       -1.714
           emb__smpl_strategy_HardNegativePair_neg_count_2        0.874 0.014   0.861   0.888 0.011  [0.884 0.884 0.858 0.873 0.871]    0.381     0.186   -0.114     0.456  -0.001      0.013    -0.014     0.013     -0.075         1.513       -1.588        1.438
           emb__smpl_strategy_HardNegativePair_neg_count_5        0.875 0.008   0.866   0.883 0.007  [0.882 0.882 0.867 0.874 0.870]    1.000     0.500    0.000     0.500   0.000      0.010    -0.010     0.010      0.000         1.124       -1.124        1.124
           emb__smpl_strategy_HardNegativePair_neg_count_9        0.874 0.011   0.863   0.885 0.009  [0.882 0.881 0.859 0.876 0.872]    0.548     0.287   -0.118     0.455  -0.001      0.012    -0.012     0.011     -0.068         1.335       -1.403        1.267
           mles_embeddings                                        0.875 0.008   0.866   0.883 0.007  [0.882 0.882 0.867 0.874 0.870]    1.000     0.500    0.000     0.500   0.000      0.010    -0.010     0.010      0.000         1.124       -1.124        1.124
split_name                                                 scores_test                                                                                                                                                                                             
                                                                  mean  t_pm t_int_l t_int_h   std                           values t_f_stat t_f_alpha t_t_stat t_t_alpha t_delta t_delta_pm t_delta_l t_delta_h t_delta_pp t_delta_pm_pp t_delta_l_pp t_delta_h_pp
model_name feature_name                                                                                                                                                                                                                                            
lgbm       emb__smpl_strategy_AllPositivePair                    0.871 0.005   0.866   0.875 0.004  [0.867 0.874 0.869 0.868 0.875]    0.462     0.236   -6.465     0.000  -0.013      0.005    -0.018    -0.008     -1.465         0.522       -1.987       -0.942
           emb__smpl_strategy_DistanceWeightedPair               0.865 0.007   0.858   0.872 0.005  [0.863 0.864 0.863 0.861 0.875]    0.210     0.080   -6.808     0.000  -0.018      0.006    -0.025    -0.012     -2.083         0.705       -2.788       -1.377
           emb__smpl_strategy_HardNegativePair_neg_count_2       0.882 0.004   0.878   0.886 0.003  [0.881 0.882 0.880 0.879 0.887]    0.618     0.326   -0.890     0.200  -0.002      0.004    -0.006     0.003     -0.183         0.475       -0.659        0.292
           emb__smpl_strategy_HardNegativePair_neg_count_5       0.884 0.003   0.880   0.887 0.003  [0.885 0.884 0.881 0.880 0.886]    1.000     0.500    0.000     0.500   0.000      0.004    -0.004     0.004      0.000         0.415       -0.415        0.415
           emb__smpl_strategy_HardNegativePair_neg_count_9       0.886 0.003   0.882   0.889 0.003  [0.886 0.887 0.884 0.882 0.889]    0.798     0.416    1.257     0.878   0.002      0.004    -0.002     0.006      0.240         0.441       -0.201        0.681
           mles_embeddings                                       0.884 0.003   0.880   0.887 0.003  [0.885 0.884 0.881 0.880 0.886]    1.000     0.500    0.000     0.500   0.000      0.004    -0.004     0.004      0.000         0.415       -0.415        0.415

------------------------------------------------------------------------------------------------------------------------
Metric: "accuracy"
split_name                                                 scores_valid                                                                                                                                                                                             
                                                                   mean  t_pm t_int_l t_int_h   std                           values t_f_stat t_f_alpha t_t_stat t_t_alpha t_delta t_delta_pm t_delta_l t_delta_h t_delta_pp t_delta_pm_pp t_delta_l_pp t_delta_h_pp
model_name feature_name                                                                                                                                                                                                                                             
lgbm       emb__smpl_strategy_AllPositivePair                     0.769 0.021   0.748   0.790 0.017  [0.772 0.789 0.753 0.780 0.751]    0.781     0.408   -1.897     0.047  -0.019      0.023    -0.042     0.004     -2.417         2.939       -5.356        0.521
           emb__smpl_strategy_DistanceWeightedPair                0.767 0.014   0.753   0.781 0.011  [0.765 0.782 0.752 0.773 0.763]    1.707     0.691   -2.480     0.019  -0.021      0.019    -0.040    -0.001     -2.636         2.450       -5.086       -0.185
           emb__smpl_strategy_HardNegativePair_neg_count_2        0.796 0.023   0.773   0.819 0.019  [0.821 0.805 0.771 0.796 0.788]    0.631     0.333    0.767     0.768   0.008      0.025    -0.016     0.033      1.041         3.128       -2.087        4.169
           emb__smpl_strategy_HardNegativePair_neg_count_5        0.788 0.018   0.770   0.806 0.015  [0.810 0.794 0.772 0.787 0.777]    1.000     0.500    0.000     0.500   0.000      0.022    -0.022     0.022      0.000         2.752       -2.752        2.752
           emb__smpl_strategy_HardNegativePair_neg_count_9        0.794 0.017   0.776   0.811 0.014  [0.809 0.808 0.777 0.785 0.790]    1.130     0.546    0.638     0.729   0.006      0.021    -0.015     0.027      0.739         2.671       -1.933        3.410
           mles_embeddings                                        0.788 0.018   0.770   0.806 0.015  [0.810 0.794 0.772 0.787 0.777]    1.000     0.500    0.000     0.500   0.000      0.022    -0.022     0.022      0.000         2.752       -2.752        2.752
split_name                                                 scores_test                                                                                                                                                                                             
                                                                  mean  t_pm t_int_l t_int_h   std                           values t_f_stat t_f_alpha t_t_stat t_t_alpha t_delta t_delta_pm t_delta_l t_delta_h t_delta_pp t_delta_pm_pp t_delta_l_pp t_delta_h_pp
model_name feature_name                                                                                                                                                                                                                                            
lgbm       emb__smpl_strategy_AllPositivePair                    0.781 0.009   0.772   0.790 0.008  [0.786 0.788 0.769 0.783 0.779]    0.568     0.298   -2.880     0.010  -0.012      0.010    -0.022    -0.002     -1.531         1.226       -2.757       -0.305
           emb__smpl_strategy_DistanceWeightedPair               0.785 0.006   0.779   0.790 0.005  [0.786 0.790 0.777 0.785 0.785]    1.465     0.640   -2.605     0.016  -0.009      0.008    -0.016    -0.001     -1.081         0.957       -2.038       -0.124
           emb__smpl_strategy_HardNegativePair_neg_count_2       0.791 0.014   0.776   0.805 0.012  [0.798 0.779 0.783 0.787 0.807]    0.241     0.098   -0.414     0.345  -0.002      0.013    -0.016     0.011     -0.300         1.674       -1.974        1.373
           emb__smpl_strategy_HardNegativePair_neg_count_5       0.793 0.007   0.786   0.800 0.006  [0.794 0.800 0.796 0.786 0.789]    1.000     0.500    0.000     0.500   0.000      0.008    -0.008     0.008      0.000         1.043       -1.043        1.043
           emb__smpl_strategy_HardNegativePair_neg_count_9       0.801 0.004   0.797   0.805 0.003  [0.801 0.801 0.804 0.805 0.796]    3.153     0.854    2.863     0.989   0.008      0.007     0.002     0.015      1.051         0.846        0.204        1.897
           mles_embeddings                                       0.793 0.007   0.786   0.800 0.006  [0.794 0.800 0.796 0.786 0.789]    1.000     0.500    0.000     0.500   0.000      0.008    -0.008     0.008      0.000         1.043       -1.043        1.043

------------------------------------------------------------------------------------------------------------------------
End of report.     Current time: 2021-12-01 20:20:27
------------------------------------------------------------------------------------------------------------------------
