------------------------------------------------------------------------------------------------------------------------
Vector testing report
Params:
    conf: "conf/embeddings_validation_short_1638329742.hocon"

Collected 45 files with 0 errors

------------------------------------------------------------------------------------------------------------------------
Metric: "auroc"
split_name                                  scores_valid                                                                                                                                                                                             
                                                    mean  t_pm t_int_l t_int_h   std                           values t_f_stat t_f_alpha t_t_stat t_t_alpha t_delta t_delta_pm t_delta_l t_delta_h t_delta_pp t_delta_pm_pp t_delta_l_pp t_delta_h_pp
model_name feature_name                                                                                                                                                                                                                              
lgbm       emb__hidden_size_bs_0128_hs_0032        0.837 0.009   0.828   0.845 0.007  [0.847 0.835 0.828 0.838 0.835]    0.962     0.485   -8.883     0.000  -0.038      0.010    -0.048    -0.028     -4.371         1.135       -5.506       -3.236
           emb__hidden_size_bs_0128_hs_0064        0.854 0.010   0.844   0.864 0.008  [0.864 0.847 0.848 0.861 0.848]    0.689     0.363   -4.484     0.001  -0.021      0.011    -0.032    -0.010     -2.419         1.244       -3.663       -1.175
           emb__hidden_size_bs_0128_hs_0128        0.860 0.008   0.852   0.867 0.006  [0.869 0.860 0.857 0.861 0.852]    1.236     0.579   -3.690     0.003  -0.015      0.009    -0.024    -0.006     -1.710         1.069       -2.779       -0.641
           emb__hidden_size_bs_0128_hs_0256        0.867 0.006   0.861   0.873 0.005  [0.868 0.875 0.864 0.864 0.863]    1.777     0.704   -2.097     0.035  -0.008      0.009    -0.017     0.001     -0.903         0.993       -1.896        0.090
           emb__hidden_size_bs_0128_hs_0512        0.873 0.008   0.865   0.881 0.007  [0.877 0.881 0.863 0.872 0.873]    1.065     0.524   -0.350     0.368  -0.001      0.010    -0.011     0.008     -0.168         1.106       -1.274        0.938
           emb__hidden_size_bs_0128_hs_1024        0.875 0.008   0.866   0.883 0.007  [0.882 0.882 0.867 0.874 0.870]    1.000     0.500    0.000     0.500   0.000      0.010    -0.010     0.010      0.000         1.124       -1.124        1.124
           emb__hidden_size_bs_0128_hs_2048        0.864 0.011   0.853   0.875 0.009  [0.872 0.871 0.853 0.868 0.855]    0.551     0.289   -2.173     0.031  -0.011      0.012    -0.023     0.001     -1.256         1.333       -2.589        0.077
           emb__hidden_size_bs_0128_hs_3072        0.838 0.009   0.829   0.846 0.007  [0.845 0.843 0.836 0.837 0.827]    0.915     0.467   -8.537     0.000  -0.037      0.010    -0.047    -0.027     -4.255         1.149       -5.404       -3.105
           mles_embeddings                         0.875 0.008   0.866   0.883 0.007  [0.882 0.882 0.867 0.874 0.870]    1.000     0.500    0.000     0.500   0.000      0.010    -0.010     0.010      0.000         1.124       -1.124        1.124
split_name                                  scores_test                                                                                                                                                                                             
                                                   mean  t_pm t_int_l t_int_h   std                           values t_f_stat t_f_alpha t_t_stat t_t_alpha t_delta t_delta_pm t_delta_l t_delta_h t_delta_pp t_delta_pm_pp t_delta_l_pp t_delta_h_pp
model_name feature_name                                                                                                                                                                                                                             
lgbm       emb__hidden_size_bs_0128_hs_0032       0.841 0.004   0.838   0.845 0.003  [0.845 0.840 0.838 0.840 0.843]    0.747     0.392  -24.535     0.000  -0.042      0.004    -0.046    -0.038     -4.779         0.449       -5.228       -4.330
           emb__hidden_size_bs_0128_hs_0064       0.849 0.002   0.846   0.851 0.002  [0.847 0.851 0.848 0.847 0.851]    1.606     0.671  -24.187     0.000  -0.035      0.003    -0.038    -0.031     -3.924         0.374       -4.298       -3.549
           emb__hidden_size_bs_0128_hs_0128       0.867 0.003   0.864   0.870 0.002  [0.866 0.867 0.867 0.865 0.871]    1.080     0.529  -10.417     0.000  -0.016      0.004    -0.020    -0.013     -1.841         0.408       -2.248       -1.433
           emb__hidden_size_bs_0128_hs_0256       0.872 0.001   0.871   0.874 0.001  [0.872 0.872 0.874 0.872 0.873]    5.544     0.937   -9.156     0.000  -0.011      0.003    -0.014    -0.008     -1.267         0.319       -1.586       -0.948
           emb__hidden_size_bs_0128_hs_0512       0.878 0.003   0.875   0.880 0.002  [0.877 0.877 0.878 0.875 0.881]    1.469     0.641   -4.093     0.002  -0.006      0.003    -0.009    -0.003     -0.676         0.381       -1.056       -0.295
           emb__hidden_size_bs_0128_hs_1024       0.884 0.003   0.880   0.887 0.003  [0.885 0.884 0.881 0.880 0.886]    1.000     0.500    0.000     0.500   0.000      0.004    -0.004     0.004      0.000         0.415       -0.415        0.415
           emb__hidden_size_bs_0128_hs_2048       0.874 0.003   0.871   0.877 0.002  [0.874 0.876 0.874 0.871 0.877]    1.080     0.529   -5.889     0.000  -0.009      0.004    -0.013    -0.006     -1.041         0.408       -1.448       -0.633
           emb__hidden_size_bs_0128_hs_3072       0.846 0.006   0.840   0.851 0.004  [0.843 0.846 0.844 0.842 0.853]    0.314     0.144  -16.427     0.000  -0.038      0.005    -0.043    -0.032     -4.279         0.601       -4.879       -3.678
           mles_embeddings                        0.884 0.003   0.880   0.887 0.003  [0.885 0.884 0.881 0.880 0.886]    1.000     0.500    0.000     0.500   0.000      0.004    -0.004     0.004      0.000         0.415       -0.415        0.415

------------------------------------------------------------------------------------------------------------------------
Metric: "accuracy"
split_name                                  scores_valid                                                                                                                                                                                             
                                                    mean  t_pm t_int_l t_int_h   std                           values t_f_stat t_f_alpha t_t_stat t_t_alpha t_delta t_delta_pm t_delta_l t_delta_h t_delta_pp t_delta_pm_pp t_delta_l_pp t_delta_h_pp
model_name feature_name                                                                                                                                                                                                                              
lgbm       emb__hidden_size_bs_0128_hs_0032        0.763 0.011   0.751   0.774 0.009  [0.774 0.767 0.749 0.763 0.762]    2.594     0.811   -3.211     0.006  -0.025      0.018    -0.043    -0.007     -3.190         2.290       -5.480       -0.899
           emb__hidden_size_bs_0128_hs_0064        0.776 0.017   0.759   0.793 0.013  [0.788 0.767 0.765 0.793 0.767]    1.215     0.573   -1.326     0.111  -0.012      0.021    -0.033     0.009     -1.511         2.627       -4.138        1.116
           emb__hidden_size_bs_0128_hs_0128        0.781 0.012   0.768   0.793 0.010  [0.792 0.788 0.774 0.780 0.769]    2.268     0.776   -0.912     0.194  -0.007      0.018    -0.026     0.011     -0.923         2.336       -3.259        1.412
           emb__hidden_size_bs_0128_hs_0256        0.786 0.010   0.775   0.796 0.008  [0.790 0.798 0.778 0.780 0.783]    3.106     0.851   -0.277     0.394  -0.002      0.018    -0.020     0.016     -0.269         2.237       -2.506        1.969
           emb__hidden_size_bs_0128_hs_0512        0.794 0.013   0.782   0.807 0.010  [0.800 0.805 0.779 0.789 0.800]    2.069     0.751    0.800     0.777   0.006      0.019    -0.012     0.025      0.823         2.370       -1.547        3.192
           emb__hidden_size_bs_0128_hs_1024        0.788 0.018   0.770   0.806 0.015  [0.810 0.794 0.772 0.787 0.777]    1.000     0.500    0.000     0.500   0.000      0.022    -0.022     0.022      0.000         2.752       -2.752        2.752
           emb__hidden_size_bs_0128_hs_2048        0.781 0.016   0.765   0.797 0.013  [0.794 0.790 0.765 0.786 0.771]    1.352     0.611   -0.769     0.232  -0.007      0.020    -0.027     0.013     -0.856         2.566       -3.422        1.710
           emb__hidden_size_bs_0128_hs_3072        0.760 0.015   0.745   0.776 0.012  [0.776 0.759 0.750 0.769 0.747]    1.465     0.640   -3.206     0.006  -0.028      0.020    -0.048    -0.008     -3.508         2.524       -6.032       -0.985
           mles_embeddings                         0.788 0.018   0.770   0.806 0.015  [0.810 0.794 0.772 0.787 0.777]    1.000     0.500    0.000     0.500   0.000      0.022    -0.022     0.022      0.000         2.752       -2.752        2.752
split_name                                  scores_test                                                                                                                                                                                             
                                                   mean  t_pm t_int_l t_int_h   std                           values t_f_stat t_f_alpha t_t_stat t_t_alpha t_delta t_delta_pm t_delta_l t_delta_h t_delta_pp t_delta_pm_pp t_delta_l_pp t_delta_h_pp
model_name feature_name                                                                                                                                                                                                                             
lgbm       emb__hidden_size_bs_0128_hs_0032       0.761 0.005   0.756   0.766 0.004  [0.762 0.765 0.760 0.755 0.764]    1.773     0.704  -10.058     0.000  -0.032      0.007    -0.039    -0.025     -4.023         0.922       -4.945       -3.100
           emb__hidden_size_bs_0128_hs_0064       0.757 0.003   0.755   0.760 0.002  [0.755 0.760 0.760 0.757 0.756]    7.094     0.958  -13.181     0.000  -0.036      0.006    -0.042    -0.029     -4.503         0.788       -5.291       -3.715
           emb__hidden_size_bs_0128_hs_0128       0.780 0.008   0.773   0.788 0.006  [0.775 0.785 0.785 0.773 0.786]    0.847     0.438   -3.369     0.005  -0.013      0.009    -0.021    -0.004     -1.591         1.089       -2.680       -0.502
           emb__hidden_size_bs_0128_hs_0256       0.782 0.005   0.777   0.788 0.004  [0.787 0.776 0.786 0.782 0.781]    1.787     0.706   -3.382     0.005  -0.011      0.007    -0.018    -0.003     -1.351         0.921       -2.272       -0.430
           emb__hidden_size_bs_0128_hs_0512       0.791 0.004   0.786   0.795 0.004  [0.796 0.792 0.789 0.788 0.788]    2.609     0.812   -0.798     0.224  -0.002      0.007    -0.009     0.004     -0.300         0.867       -1.168        0.567
           emb__hidden_size_bs_0128_hs_1024       0.793 0.007   0.786   0.800 0.006  [0.794 0.800 0.796 0.786 0.789]    1.000     0.500    0.000     0.500   0.000      0.008    -0.008     0.008      0.000         1.043       -1.043        1.043
           emb__hidden_size_bs_0128_hs_2048       0.783 0.003   0.780   0.786 0.002  [0.781 0.783 0.785 0.781 0.786]    7.094     0.958   -3.691     0.003  -0.010      0.006    -0.016    -0.004     -1.261         0.788       -2.049       -0.473
           emb__hidden_size_bs_0128_hs_3072       0.758 0.006   0.751   0.764 0.005  [0.760 0.752 0.757 0.754 0.765]    1.176     0.561  -10.282     0.000  -0.035      0.008    -0.043    -0.028     -4.473         1.003       -5.476       -3.470
           mles_embeddings                        0.793 0.007   0.786   0.800 0.006  [0.794 0.800 0.796 0.786 0.789]    1.000     0.500    0.000     0.500   0.000      0.008    -0.008     0.008      0.000         1.043       -1.043        1.043

------------------------------------------------------------------------------------------------------------------------
End of report.     Current time: 2021-12-01 03:37:42
------------------------------------------------------------------------------------------------------------------------
