------------------------------------------------------------------------------------------------------------------------
Vector testing report
Params:
    conf: "conf/embeddings_validation_short_1607333289.hocon"

Collected 40 files with 0 errors

------------------------------------------------------------------------------------------------------------------------
Metric: "auroc"
                                            scores_valid                                                                                                                                                                                             
                                                    mean  t_pm t_int_l t_int_h   std                           values t_f_stat t_f_alpha t_t_stat t_t_alpha t_delta t_delta_pm t_delta_l t_delta_h t_delta_pp t_delta_pm_pp t_delta_l_pp t_delta_h_pp
model_name feature_name                                                                                                                                                                                                                              
lgbm       emb__loss_binomialdeviance              0.852 0.009   0.843   0.861 0.007  [0.859 0.858 0.846 0.855 0.843]    1.654     0.681   -4.247     0.001  -0.023      0.012    -0.035    -0.010     -2.598         1.411       -4.008       -1.187
           emb__loss_contrastive_margin_0.5        0.875 0.012   0.863   0.887 0.009  [0.886 0.881 0.861 0.873 0.872]    1.000     0.500    0.000     0.500   0.000      0.014    -0.014     0.014      0.000         1.575       -1.575        1.575
           emb__loss_contrastive_margin_1.0        0.869 0.014   0.855   0.883 0.011  [0.879 0.879 0.853 0.870 0.863]    0.706     0.372   -0.917     0.193  -0.006      0.015    -0.021     0.009     -0.689         1.731       -2.420        1.042
           emb__loss_histogramloss                 0.859 0.010   0.849   0.868 0.008  [0.866 0.867 0.848 0.857 0.854]    1.391     0.622   -2.932     0.009  -0.016      0.013    -0.029    -0.003     -1.856         1.460       -3.316       -0.396
           emb__loss_margin_0.2_beta_0.4           0.874 0.010   0.865   0.884 0.008  [0.881 0.883 0.864 0.874 0.870]    1.449     0.636   -0.081     0.469  -0.000      0.013    -0.013     0.012     -0.051         1.448       -1.498        1.397
           emb__loss_margin_0.3_beta_0.6           0.870 0.010   0.860   0.880 0.008  [0.883 0.872 0.862 0.868 0.865]    1.340     0.608   -0.858     0.208  -0.005      0.013    -0.018     0.008     -0.548         1.472       -2.019        0.924
           emb__loss_triplet                       0.866 0.010   0.857   0.876 0.008  [0.875 0.873 0.860 0.866 0.857]    1.461     0.639   -1.556     0.079  -0.009      0.013    -0.021     0.004     -0.975         1.445       -2.421        0.470
           mles_embeddings                         0.875 0.012   0.863   0.887 0.009  [0.886 0.881 0.861 0.873 0.872]    1.000     0.500    0.000     0.500   0.000      0.014    -0.014     0.014      0.000         1.575       -1.575        1.575
                                            scores_test                                                                                                                                                                                             
                                                   mean  t_pm t_int_l t_int_h   std                           values t_f_stat t_f_alpha t_t_stat t_t_alpha t_delta t_delta_pm t_delta_l t_delta_h t_delta_pp t_delta_pm_pp t_delta_l_pp t_delta_h_pp
model_name feature_name                                                                                                                                                                                                                             
lgbm       emb__loss_binomialdeviance             0.868 0.003   0.865   0.871 0.002  [0.872 0.867 0.865 0.869 0.869]    0.914     0.466  -10.369     0.000  -0.016      0.003    -0.019    -0.012     -1.771         0.394       -2.164       -1.377
           emb__loss_contrastive_margin_0.5       0.884 0.003   0.881   0.887 0.002  [0.883 0.884 0.882 0.882 0.888]    1.000     0.500    0.000     0.500   0.000      0.003    -0.003     0.003      0.000         0.385       -0.385        0.385
           emb__loss_contrastive_margin_1.0       0.877 0.003   0.874   0.880 0.003  [0.876 0.877 0.875 0.876 0.882]    0.810     0.422   -4.486     0.001  -0.007      0.004    -0.011    -0.003     -0.791         0.407       -1.198       -0.384
           emb__loss_histogramloss                0.863 0.004   0.859   0.867 0.003  [0.862 0.866 0.860 0.862 0.866]    0.605     0.319  -12.281     0.000  -0.021      0.004    -0.025    -0.017     -2.361         0.443       -2.804       -1.917
           emb__loss_margin_0.2_beta_0.4          0.883 0.005   0.879   0.888 0.004  [0.879 0.885 0.879 0.884 0.887]    0.409     0.204   -0.518     0.309  -0.001      0.004    -0.005     0.003     -0.114         0.505       -0.619        0.392
           emb__loss_margin_0.3_beta_0.6          0.879 0.005   0.874   0.884 0.004  [0.878 0.880 0.880 0.873 0.884]    0.354     0.169   -2.470     0.019  -0.005      0.005    -0.010    -0.000     -0.570         0.532       -1.102       -0.038
           emb__loss_triplet                      0.875 0.004   0.871   0.879 0.003  [0.870 0.878 0.875 0.875 0.876]    0.562     0.295   -5.344     0.000  -0.009      0.004    -0.013    -0.005     -1.052         0.454       -1.505       -0.598
           mles_embeddings                        0.884 0.003   0.881   0.887 0.002  [0.883 0.884 0.882 0.882 0.888]    1.000     0.500    0.000     0.500   0.000      0.003    -0.003     0.003      0.000         0.385       -0.385        0.385

------------------------------------------------------------------------------------------------------------------------
Metric: "accuracy"
                                            scores_valid                                                                                                                                                                                             
                                                    mean  t_pm t_int_l t_int_h   std                           values t_f_stat t_f_alpha t_t_stat t_t_alpha t_delta t_delta_pm t_delta_l t_delta_h t_delta_pp t_delta_pm_pp t_delta_l_pp t_delta_h_pp
model_name feature_name                                                                                                                                                                                                                              
lgbm       emb__loss_binomialdeviance              0.774 0.014   0.760   0.787 0.011  [0.787 0.775 0.772 0.778 0.757]    1.951     0.733   -2.733     0.013  -0.023      0.020    -0.043    -0.004     -2.921         2.465       -5.386       -0.456
           emb__loss_contrastive_margin_0.5        0.797 0.019   0.778   0.816 0.015  [0.819 0.804 0.778 0.788 0.796]    1.000     0.500    0.000     0.500   0.000      0.023    -0.023     0.023      0.000         2.835       -2.835        2.835
           emb__loss_contrastive_margin_1.0        0.789 0.014   0.774   0.803 0.012  [0.797 0.796 0.769 0.790 0.792]    1.779     0.705   -0.947     0.186  -0.008      0.020    -0.028     0.012     -1.029         2.505       -3.534        1.476
           emb__loss_histogramloss                 0.778 0.018   0.760   0.796 0.014  [0.788 0.796 0.768 0.777 0.761]    1.180     0.562   -2.009     0.040  -0.019      0.022    -0.041     0.003     -2.373         2.724       -5.098        0.351
           emb__loss_margin_0.2_beta_0.4           0.796 0.018   0.779   0.814 0.014  [0.806 0.812 0.774 0.796 0.794]    1.173     0.560   -0.056     0.478  -0.001      0.022    -0.022     0.021     -0.066         2.728       -2.795        2.662
           emb__loss_margin_0.3_beta_0.6           0.793 0.012   0.782   0.805 0.009  [0.809 0.794 0.786 0.790 0.787]    2.794     0.828   -0.459     0.329  -0.004      0.019    -0.022     0.015     -0.465         2.336       -2.800        1.871
           emb__loss_triplet                       0.783 0.015   0.768   0.797 0.012  [0.795 0.796 0.776 0.777 0.770]    1.734     0.697   -1.627     0.071  -0.014      0.020    -0.034     0.006     -1.776         2.517       -4.293        0.741
           mles_embeddings                         0.797 0.019   0.778   0.816 0.015  [0.819 0.804 0.778 0.788 0.796]    1.000     0.500    0.000     0.500   0.000      0.023    -0.023     0.023      0.000         2.835       -2.835        2.835
                                            scores_test                                                                                                                                                                                             
                                                   mean  t_pm t_int_l t_int_h   std                           values t_f_stat t_f_alpha t_t_stat t_t_alpha t_delta t_delta_pm t_delta_l t_delta_h t_delta_pp t_delta_pm_pp t_delta_l_pp t_delta_h_pp
model_name feature_name                                                                                                                                                                                                                             
lgbm       emb__loss_binomialdeviance             0.775 0.008   0.767   0.783 0.006  [0.783 0.771 0.769 0.780 0.771]    0.470     0.242   -7.027     0.000  -0.024      0.008    -0.031    -0.016     -2.952         0.969       -3.920       -1.983
           emb__loss_contrastive_margin_0.5       0.799 0.005   0.793   0.804 0.004  [0.796 0.798 0.798 0.795 0.806]    1.000     0.500    0.000     0.500   0.000      0.006    -0.006     0.006      0.000         0.775       -0.775        0.775
           emb__loss_contrastive_margin_1.0       0.789 0.005   0.784   0.794 0.004  [0.792 0.794 0.788 0.787 0.785]    1.245     0.582   -3.738     0.003  -0.010      0.006    -0.015    -0.004     -1.193         0.736       -1.928       -0.457
           emb__loss_histogramloss                0.777 0.006   0.771   0.782 0.005  [0.783 0.773 0.774 0.775 0.780]    0.888     0.456   -7.832     0.000  -0.022      0.006    -0.028    -0.015     -2.713         0.799       -3.512       -1.914
           emb__loss_margin_0.2_beta_0.4          0.802 0.011   0.791   0.813 0.009  [0.792 0.810 0.794 0.811 0.805]    0.232     0.093    0.817     0.781   0.004      0.010    -0.007     0.014      0.447         1.262       -0.815        1.709
           emb__loss_margin_0.3_beta_0.6          0.793 0.005   0.788   0.798 0.004  [0.789 0.798 0.792 0.789 0.798]    1.000     0.500   -2.041     0.038  -0.005      0.006    -0.012     0.001     -0.686         0.775       -1.461        0.089
           emb__loss_triplet                      0.780 0.008   0.772   0.789 0.007  [0.780 0.789 0.781 0.782 0.770]    0.387     0.190   -5.039     0.001  -0.018      0.008    -0.026    -0.010     -2.266         1.037       -3.303       -1.229
           mles_embeddings                        0.799 0.005   0.793   0.804 0.004  [0.796 0.798 0.798 0.795 0.806]    1.000     0.500    0.000     0.500   0.000      0.006    -0.006     0.006      0.000         0.775       -0.775        0.775

------------------------------------------------------------------------------------------------------------------------
End of report.     Current time: 2020-12-07 09:28:35
------------------------------------------------------------------------------------------------------------------------
