------------------------------------------------------------------------------------------------------------------------
Vector testing report
Params:
    conf: "conf/cpc_v2_embeddings_validation_baselines_supervised.hocon"

Collected 5 files with 0 errors

------------------------------------------------------------------------------------------------------------------------
Metric: "auroc"
                                            scores_valid                                                                                                                                                                                             
                                                    mean  t_pm t_int_l t_int_h   std                           values t_f_stat t_f_alpha t_t_stat t_t_alpha t_delta t_delta_pm t_delta_l t_delta_h t_delta_pp t_delta_pm_pp t_delta_l_pp t_delta_h_pp
model_name feature_name                                                                                                                                                                                                                              
nn         cpc_v2_finetuning_split_count_20        0.435 0.053   0.382   0.488 0.043  [0.503 0.450 0.412 0.407 0.402]    0.046     0.006  -21.729     0.000  -0.423      0.045    -0.468    -0.378    -49.292         5.231      -54.523      -44.061
           cpc_v2_finetuning_split_count_30        0.453 0.042   0.411   0.495 0.034  [0.486 0.492 0.439 0.417 0.431]    0.073     0.013  -25.948     0.000  -0.404      0.036    -0.440    -0.368    -47.161         4.191      -51.352      -42.970
           cpc_v2_finetuning_split_count_40        0.443 0.043   0.400   0.486 0.035  [0.479 0.469 0.443 0.391 0.432]    0.069     0.012  -25.872     0.000  -0.415      0.037    -0.452    -0.378    -48.347         4.309      -52.656      -44.038
           cpc_v2_finetuning_split_count_50        0.430 0.046   0.384   0.476 0.037  [0.447 0.454 0.429 0.367 0.454]    0.061     0.010  -25.145     0.000  -0.427      0.039    -0.467    -0.388    -49.846         4.571      -54.417      -45.274
           target_scores                           0.857 0.011   0.846   0.869 0.009  [0.873 0.854 0.852 0.858 0.850]    1.000     0.500    0.000     0.500   0.000      0.013    -0.013     0.013      0.000         1.551       -1.551        1.551
                                            scores_test                                                                                                                                                                                             
                                                   mean  t_pm t_int_l t_int_h   std                           values t_f_stat t_f_alpha t_t_stat t_t_alpha t_delta t_delta_pm t_delta_l t_delta_h t_delta_pp t_delta_pm_pp t_delta_l_pp t_delta_h_pp
model_name feature_name                                                                                                                                                                                                                             
nn         cpc_v2_finetuning_split_count_20       0.458 0.042   0.416   0.499 0.033  [0.506 0.462 0.436 0.466 0.418]    0.033     0.003  -26.510     0.000  -0.403      0.035    -0.438    -0.368    -46.842         4.075      -50.916      -42.767
           cpc_v2_finetuning_split_count_30       0.471 0.037   0.434   0.509 0.030  [0.492 0.504 0.437 0.482 0.443]    0.041     0.005  -28.376     0.000  -0.390      0.032    -0.421    -0.358    -45.248         3.677      -48.925      -41.571
           cpc_v2_finetuning_split_count_40       0.460 0.013   0.447   0.473 0.010  [0.477 0.461 0.451 0.452 0.459]    0.340     0.161  -73.771     0.000  -0.401      0.013    -0.414    -0.388    -46.565         1.456      -48.020      -45.109
           cpc_v2_finetuning_split_count_50       0.448 0.025   0.423   0.472 0.020  [0.450 0.450 0.427 0.434 0.478]    0.095     0.021  -44.554     0.000  -0.413      0.021    -0.435    -0.392    -47.996         2.484      -50.480      -45.512
           target_scores                          0.861 0.008   0.853   0.869 0.006  [0.856 0.865 0.863 0.868 0.854]    1.000     0.500    0.000     0.500   0.000      0.009    -0.009     0.009      0.000         1.037       -1.037        1.037

------------------------------------------------------------------------------------------------------------------------
End of report.     Current time: 2021-04-10 19:00:29
------------------------------------------------------------------------------------------------------------------------
