------------------------------------------------------------------------------------------------------------------------
Vector testing report
Params:
    conf: "conf/cpc_v2_embeddings_validation_baselines_unsupervised_1618076541.hocon"

Collected 25 files with 0 errors

------------------------------------------------------------------------------------------------------------------------
Metric: "auroc"
                                                             scores_valid                                                                                                                                                                                             
                                                                     mean  t_pm t_int_l t_int_h   std                           values t_f_stat t_f_alpha t_t_stat t_t_alpha t_delta t_delta_pm t_delta_l t_delta_h t_delta_pp t_delta_pm_pp t_delta_l_pp t_delta_h_pp
model_name feature_name                                                                                                                                                                                                                                               
lgbm       baseline                                                 0.875 0.014   0.861   0.889 0.011  [0.892 0.881 0.864 0.870 0.869]    1.000     0.500    0.000     0.500   0.000      0.016    -0.016     0.016      0.000         1.866       -1.866        1.866
           emb__cpc_v2_sub_seq_sampl_strategy_split_count_20        0.804 0.010   0.794   0.814 0.008  [0.811 0.813 0.802 0.803 0.793]    2.033     0.746  -11.644     0.000  -0.071      0.014    -0.085    -0.057     -8.136         1.611       -9.747       -6.525
           emb__cpc_v2_sub_seq_sampl_strategy_split_count_30        0.808 0.014   0.794   0.822 0.011  [0.811 0.816 0.805 0.819 0.791]    1.005     0.502   -9.469     0.000  -0.067      0.016    -0.083    -0.051     -7.652         1.863       -9.515       -5.788
           emb__cpc_v2_sub_seq_sampl_strategy_split_count_40        0.791 0.013   0.778   0.804 0.010  [0.797 0.799 0.784 0.798 0.776]    1.201     0.568  -12.437     0.000  -0.084      0.016    -0.100    -0.069     -9.631         1.786      -11.417       -7.845
           emb__cpc_v2_sub_seq_sampl_strategy_split_count_50        0.791 0.010   0.781   0.802 0.008  [0.790 0.791 0.793 0.802 0.779]    1.763     0.702  -13.437     0.000  -0.084      0.014    -0.099    -0.070     -9.623         1.651      -11.274       -7.971
                                                             scores_test                                                                                                                                                                                             
                                                                    mean  t_pm t_int_l t_int_h   std                           values t_f_stat t_f_alpha t_t_stat t_t_alpha t_delta t_delta_pm t_delta_l t_delta_h t_delta_pp t_delta_pm_pp t_delta_l_pp t_delta_h_pp
model_name feature_name                                                                                                                                                                                                                                              
lgbm       baseline                                                0.877 0.003   0.874   0.880 0.003  [0.876 0.880 0.877 0.873 0.879]    1.000     0.500    0.000     0.500   0.000      0.004    -0.004     0.004      0.000         0.444       -0.444        0.444
           emb__cpc_v2_sub_seq_sampl_strategy_split_count_20       0.816 0.004   0.813   0.820 0.003  [0.812 0.819 0.815 0.818 0.819]    0.767     0.402  -33.434     0.000  -0.061      0.004    -0.065    -0.056     -6.913         0.477       -7.390       -6.436
           emb__cpc_v2_sub_seq_sampl_strategy_split_count_30       0.831 0.005   0.826   0.836 0.004  [0.832 0.831 0.825 0.830 0.836]    0.466     0.239  -21.855     0.000  -0.046      0.005    -0.051    -0.041     -5.280         0.557       -5.837       -4.723
           emb__cpc_v2_sub_seq_sampl_strategy_split_count_40       0.807 0.013   0.794   0.820 0.011  [0.804 0.815 0.790 0.813 0.814]    0.064     0.010  -14.281     0.000  -0.070      0.011    -0.081    -0.058     -7.950         1.284       -9.234       -6.666
           emb__cpc_v2_sub_seq_sampl_strategy_split_count_50       0.803 0.005   0.798   0.808 0.004  [0.808 0.801 0.799 0.799 0.806]    0.441     0.224  -34.432     0.000  -0.074      0.005    -0.079    -0.069     -8.480         0.568       -9.048       -7.912

------------------------------------------------------------------------------------------------------------------------
Metric: "accuracy"
                                                             scores_valid                                                                                                                                                                                             
                                                                     mean  t_pm t_int_l t_int_h   std                           values t_f_stat t_f_alpha t_t_stat t_t_alpha t_delta t_delta_pm t_delta_l t_delta_h t_delta_pp t_delta_pm_pp t_delta_l_pp t_delta_h_pp
model_name feature_name                                                                                                                                                                                                                                               
lgbm       baseline                                                 0.793 0.017   0.776   0.810 0.014  [0.815 0.792 0.786 0.792 0.779]    1.000     0.500    0.000     0.500   0.000      0.020    -0.020     0.020      0.000         2.522       -2.522        2.522
           emb__cpc_v2_sub_seq_sampl_strategy_split_count_20        0.727 0.010   0.717   0.737 0.008  [0.734 0.733 0.728 0.725 0.715]    3.087     0.850   -9.334     0.000  -0.066      0.016    -0.082    -0.050     -8.307         2.052      -10.359       -6.255
           emb__cpc_v2_sub_seq_sampl_strategy_split_count_30        0.735 0.019   0.716   0.753 0.015  [0.739 0.737 0.737 0.750 0.710]    0.840     0.435   -6.427     0.000  -0.058      0.021    -0.079    -0.037     -7.356         2.639       -9.996       -4.717
           emb__cpc_v2_sub_seq_sampl_strategy_split_count_40        0.725 0.015   0.710   0.740 0.012  [0.734 0.727 0.731 0.728 0.704]    1.270     0.589   -8.308     0.000  -0.068      0.019    -0.087    -0.049     -8.590         2.384      -10.975       -6.206
           emb__cpc_v2_sub_seq_sampl_strategy_split_count_50        0.721 0.014   0.708   0.735 0.011  [0.718 0.714 0.720 0.741 0.714]    1.540     0.657   -9.085     0.000  -0.072      0.018    -0.090    -0.053     -9.024         2.291      -11.315       -6.734
                                                             scores_test                                                                                                                                                                                             
                                                                    mean  t_pm t_int_l t_int_h   std                           values t_f_stat t_f_alpha t_t_stat t_t_alpha t_delta t_delta_pm t_delta_l t_delta_h t_delta_pp t_delta_pm_pp t_delta_l_pp t_delta_h_pp
model_name feature_name                                                                                                                                                                                                                                              
lgbm       baseline                                                0.791 0.001   0.790   0.793 0.001  [0.792 0.792 0.790 0.790 0.793]    1.000     0.500    0.000     0.500   0.000      0.001    -0.001     0.001      0.000         0.184       -0.184        0.184
           emb__cpc_v2_sub_seq_sampl_strategy_split_count_20       0.733 0.005   0.728   0.738 0.004  [0.735 0.729 0.729 0.736 0.737]    0.062     0.010  -31.758     0.000  -0.059      0.004    -0.063    -0.054     -7.401         0.537       -7.938       -6.863
           emb__cpc_v2_sub_seq_sampl_strategy_split_count_30       0.746 0.004   0.742   0.750 0.003  [0.748 0.743 0.749 0.742 0.748]    0.096     0.022  -30.358     0.000  -0.046      0.003    -0.049    -0.042     -5.776         0.439       -6.215       -5.337
           emb__cpc_v2_sub_seq_sampl_strategy_split_count_40       0.730 0.012   0.718   0.742 0.010  [0.730 0.738 0.713 0.737 0.732]    0.010     0.000  -13.607     0.000  -0.061      0.010    -0.072    -0.051     -7.762         1.315       -9.077       -6.446
           emb__cpc_v2_sub_seq_sampl_strategy_split_count_50       0.726 0.006   0.720   0.732 0.005  [0.726 0.723 0.723 0.725 0.735]    0.041     0.005  -29.126     0.000  -0.065      0.005    -0.070    -0.060     -8.243         0.653       -8.896       -7.590

------------------------------------------------------------------------------------------------------------------------
End of report.     Current time: 2021-04-10 17:43:23
------------------------------------------------------------------------------------------------------------------------
