------------------------------------------------------------------------------------------------------------------------
Vector testing report
Params:
    conf: "conf/embeddings_validation_another_baselines.hocon"

Collected 21 files with 0 errors

------------------------------------------------------------------------------------------------------------------------
Metric: "auroc"
                           scores_valid                                                                                                                                                                                             
                                   mean  t_pm t_int_l t_int_h   std                           values t_f_stat t_f_alpha t_t_stat t_t_alpha t_delta t_delta_pm t_delta_l t_delta_h t_delta_pp t_delta_pm_pp t_delta_l_pp t_delta_h_pp
model_name feature_name                                                                                                                                                                                                             
lgbm       mles_embeddings        0.876 0.008   0.868   0.884 0.006  [0.884 0.881 0.869 0.874 0.873]    1.000     0.500    0.000     0.500   0.000      0.009    -0.009     0.009      0.000         1.039       -1.039        1.039
           nsp_embeddings         0.823 0.015   0.808   0.837 0.012  [0.828 0.834 0.812 0.832 0.808]    0.283     0.124   -8.967     0.000  -0.053      0.014    -0.067    -0.040     -6.088         1.566       -7.653       -4.522
           rtd_embeddings         0.851 0.007   0.844   0.858 0.006  [0.849 0.858 0.851 0.855 0.843]    1.161     0.556   -6.588     0.000  -0.025      0.009    -0.034    -0.016     -2.864         1.003       -3.867       -1.862
           sop_embeddings         0.748 0.016   0.732   0.763 0.013  [0.732 0.754 0.738 0.763 0.752]    0.248     0.103  -20.460     0.000  -0.128      0.014    -0.143    -0.114    -14.636         1.650      -16.286      -12.987
nn         rtd_finetuning         0.872 0.007   0.865   0.878 0.005  [0.881 0.872 0.867 0.868 0.869]    1.343     0.609   -1.229     0.127  -0.005      0.009    -0.013     0.004     -0.517         0.971       -1.488        0.453
                           scores_test                                                                                                                                                                                             
                                  mean  t_pm t_int_l t_int_h   std                           values t_f_stat t_f_alpha t_t_stat t_t_alpha t_delta t_delta_pm t_delta_l t_delta_h t_delta_pp t_delta_pm_pp t_delta_l_pp t_delta_h_pp
model_name feature_name                                                                                                                                                                                                            
lgbm       mles_embeddings       0.890 0.004   0.886   0.894 0.003  [0.891 0.891 0.888 0.886 0.894]    1.000     0.500    0.000     0.500   0.000      0.005    -0.005     0.005      0.000         0.509       -0.509        0.509
           nsp_embeddings        0.837 0.005   0.832   0.841 0.004  [0.837 0.839 0.830 0.840 0.837]    0.701     0.370  -24.573     0.000  -0.053      0.005    -0.058    -0.048     -5.973         0.561       -6.534       -5.413
           rtd_embeddings        0.860 0.004   0.856   0.864 0.003  [0.857 0.859 0.858 0.861 0.865]    1.051     0.519  -15.358     0.000  -0.030      0.004    -0.034    -0.025     -3.349         0.503       -3.851       -2.846
           sop_embeddings        0.749 0.011   0.738   0.760 0.009  [0.741 0.738 0.760 0.753 0.754]    0.116     0.030  -32.597     0.000  -0.141      0.010    -0.151    -0.131    -15.807         1.118      -16.925      -14.689
nn         rtd_finetuning        0.881 0.009   0.872   0.891 0.007  [0.879 0.886 0.884 0.870 0.889]    0.180     0.063   -2.311     0.025  -0.008      0.008    -0.016    -0.000     -0.923         0.921       -1.843       -0.002

------------------------------------------------------------------------------------------------------------------------
Metric: "accuracy"
                           scores_valid                                                                                                                                                                                             
                                   mean  t_pm t_int_l t_int_h   std                           values t_f_stat t_f_alpha t_t_stat t_t_alpha t_delta t_delta_pm t_delta_l t_delta_h t_delta_pp t_delta_pm_pp t_delta_l_pp t_delta_h_pp
model_name feature_name                                                                                                                                                                                                             
lgbm       mles_embeddings        0.793 0.012   0.781   0.805 0.009  [0.806 0.798 0.783 0.787 0.790]    1.000     0.500    0.000     0.500   0.000      0.014    -0.014     0.014      0.000         1.705       -1.705        1.705
           nsp_embeddings         0.747 0.020   0.728   0.767 0.016  [0.757 0.756 0.734 0.763 0.727]    0.337     0.159   -5.511     0.000  -0.046      0.019    -0.065    -0.026     -5.738         2.401       -8.139       -3.337
           rtd_embeddings         0.776 0.011   0.765   0.786 0.008  [0.772 0.779 0.771 0.788 0.767]    1.200     0.568   -3.110     0.007  -0.017      0.013    -0.030    -0.005     -2.202         1.633       -3.834       -0.569
           sop_embeddings         0.686 0.013   0.673   0.699 0.011  [0.680 0.685 0.679 0.704 0.683]    0.775     0.405  -17.051     0.000  -0.107      0.014    -0.121    -0.093    -13.495         1.825      -15.320      -11.670
nn         rtd_finetuning           nan   nan     nan     nan   nan            [nan nan nan nan nan]      nan       nan      nan       nan     nan        nan       nan       nan        nan           nan          nan          nan
                           scores_test                                                                                                                                                                                             
                                  mean  t_pm t_int_l t_int_h   std                           values t_f_stat t_f_alpha t_t_stat t_t_alpha t_delta t_delta_pm t_delta_l t_delta_h t_delta_pp t_delta_pm_pp t_delta_l_pp t_delta_h_pp
model_name feature_name                                                                                                                                                                                                            
lgbm       mles_embeddings       0.804 0.007   0.797   0.811 0.006  [0.795 0.805 0.804 0.805 0.811]    1.000     0.500    0.000     0.500   0.000      0.008    -0.008     0.008      0.000         1.006       -1.006        1.006
           nsp_embeddings        0.755 0.009   0.746   0.763 0.007  [0.762 0.751 0.745 0.755 0.761]    0.648     0.342  -12.400     0.000  -0.049      0.009    -0.058    -0.040     -6.102         1.135       -7.237       -4.967
           rtd_embeddings        0.766 0.010   0.756   0.775 0.008  [0.764 0.758 0.758 0.775 0.773]    0.502     0.261   -8.882     0.000  -0.038      0.010    -0.048    -0.028     -4.739         1.230       -5.970       -3.509
           sop_embeddings        0.688 0.010   0.678   0.698 0.008  [0.689 0.674 0.692 0.690 0.694]    0.475     0.244  -26.529     0.000  -0.116      0.010    -0.126    -0.106    -14.425         1.254      -15.679      -13.171
nn         rtd_finetuning          nan   nan     nan     nan   nan            [nan nan nan nan nan]      nan       nan      nan       nan     nan        nan       nan       nan        nan           nan          nan          nan

------------------------------------------------------------------------------------------------------------------------
End of report.     Current time: 2020-10-01 03:58:50
------------------------------------------------------------------------------------------------------------------------
